3.030015e-06 2.734375e-02 2.377441e-01
3.530015e-06 6.640625e-02 2.715908e-01
4.030015e-06 1.054688e-01 3.037739e-01
4.530015e-06 1.445312e-01 3.340888e-01
5.030015e-06 1.835938e-01 3.623427e-01
5.530015e-06 2.187500e-01 3.883559e-01
6.030015e-06 2.539062e-01 4.119630e-01
6.530015e-06 2.851562e-01 4.330138e-01
7.030015e-06 3.164062e-01 4.513746e-01
7.530015e-06 3.476562e-01 4.669284e-01
8.030015e-06 3.750000e-01 4.795765e-01
8.530015e-06 3.984375e-01 4.892383e-01
9.030015e-06 4.218750e-01 4.958525e-01
9.530015e-06 4.414062e-01 4.993769e-01
1.003002e-05 4.570312e-01 4.997892e-01
1.053002e-05 4.726562e-01 4.970868e-01
1.103002e-05 4.843750e-01 4.912867e-01
1.153002e-05 4.921875e-01 4.824259e-01
1.203002e-05 4.960938e-01 4.705609e-01
1.253002e-05 4.960938e-01 4.557669e-01
1.303002e-05 4.960938e-01 4.381381e-01
1.353002e-05 4.960938e-01 4.177866e-01
1.403002e-05 4.882812e-01 3.948418e-01
1.453002e-05 4.765625e-01 3.694497e-01
1.503002e-05 4.648438e-01 3.417716e-01
1.553002e-05 4.492188e-01 3.119837e-01
1.603002e-05 4.296875e-01 2.802754e-01
1.653002e-05 4.062500e-01 2.468483e-01
1.703002e-05 3.828125e-01 2.119150e-01
1.753002e-05 3.554688e-01 1.756976e-01
1.803002e-05 3.281250e-01 1.384264e-01
1.853002e-05 2.968750e-01 1.003386e-01
1.903002e-05 2.656250e-01 6.167624e-02
1.953002e-05 2.304688e-01 2.268527e-02
2.003002e-05 1.953125e-01 -1.638637e-02
2.053002e-05 1.601562e-01 -5.529021e-02
2.103002e-05 1.210938e-01 -9.377885e-02
2.153002e-05 8.203125e-02 -1.316075e-01
2.203002e-05 4.296875e-02 -1.685356e-01
2.253002e-05 3.906250e-03 -2.043284e-01
2.303002e-05 -3.515625e-02 -2.387581e-01
2.353002e-05 -7.421875e-02 -2.716059e-01
2.403002e-05 -1.093750e-01 -3.026629e-01
2.453002e-05 -1.484375e-01 -3.317315e-01
2.503002e-05 -1.835938e-01 -3.586269e-01
2.553002e-05 -2.187500e-01 -3.831780e-01
2.603002e-05 -2.539062e-01 -4.052288e-01
2.653002e-05 -2.851562e-01 -4.246389e-01
2.703002e-05 -3.164062e-01 -4.412851e-01
2.753002e-05 -3.437500e-01 -4.550613e-01
2.803002e-05 -3.710938e-01 -4.658800e-01
2.853002e-05 -3.945312e-01 -4.736724e-01
2.903002e-05 -4.140625e-01 -4.783889e-01
2.953002e-05 -4.335938e-01 -4.799996e-01
3.003002e-05 -4.492188e-01 -4.784941e-01
3.053002e-05 -4.609375e-01 -4.738821e-01
3.103002e-05 -4.687500e-01 -4.661930e-01
3.153002e-05 -4.765625e-01 -4.554755e-01
3.203002e-05 -4.804688e-01 -4.417979e-01
3.253002e-05 -4.804688e-01 -4.252471e-01
3.303002e-05 -4.765625e-01 -4.059284e-01
3.353002e-05 -4.726562e-01 -3.839647e-01
3.403002e-05 -4.609375e-01 -3.594955e-01
3.453002e-05 -4.492188e-01 -3.326766e-01
3.503002e-05 -4.335938e-01 -3.036785e-01
3.553002e-05 -4.179688e-01 -2.726856e-01
3.603002e-05 -3.984375e-01 -2.398950e-01
3.653002e-05 -3.750000e-01 -2.055151e-01
3.703002e-05 -3.476562e-01 -1.697648e-01
3.753002e-05 -3.203125e-01 -1.328712e-01
3.803002e-05 -2.890625e-01 -9.506907e-02
3.853002e-05 -2.578125e-01 -5.659876e-02
3.903002e-05 -2.265625e-01 -1.770492e-02
3.953002e-05 -1.914062e-01 2.136511e-02
4.003002e-05 -1.523438e-01 6.036286e-02
4.053002e-05 -1.171875e-01 9.904034e-02
4.103002e-05 -7.812500e-02 1.371516e-01
4.153002e-05 -3.906250e-02 1.744542e-01
4.203002e-05 0.000000e+00 2.107110e-01
4.253002e-05 3.906250e-02 2.456914e-01
4.303002e-05 7.812500e-02 2.791729e-01
4.353002e-05 1.171875e-01 3.109427e-01
4.403002e-05 1.523438e-01 3.407986e-01
4.453002e-05 1.914062e-01 3.685509e-01
4.503002e-05 2.265625e-01 3.940230e-01
4.553002e-05 2.617188e-01 4.170529e-01
4.603002e-05 2.929688e-01 4.374942e-01
4.653002e-05 3.242188e-01 4.552169e-01
4.703002e-05 3.515625e-01 4.701083e-01
4.753002e-05 3.789062e-01 4.820737e-01
4.803002e-05 4.023438e-01 4.910370e-01
4.853002e-05 4.257812e-01 4.969412e-01
4.903002e-05 4.453125e-01 4.997487e-01
4.953002e-05 4.609375e-01 4.994417e-01
5.003002e-05 4.765625e-01 4.960222e-01
5.053002e-05 4.843750e-01 4.895118e-01
5.103002e-05 4.921875e-01 4.799521e-01
5.153002e-05 4.960938e-01 4.674037e-01
5.203002e-05 4.960938e-01 4.519465e-01
5.253002e-05 4.960938e-01 4.336788e-01
5.303002e-05 4.921875e-01 4.127167e-01
5.353002e-05 4.843750e-01 3.891937e-01
5.403002e-05 4.726562e-01 3.632591e-01
5.453002e-05 4.609375e-01 3.350781e-01
5.503002e-05 4.453125e-01 3.048297e-01
5.553002e-05 4.257812e-01 2.727064e-01
5.603002e-05 4.023438e-01 2.389125e-01
5.653002e-05 3.789062e-01 2.036628e-01
5.703002e-05 3.515625e-01 1.671815e-01
5.753002e-05 3.203125e-01 1.297007e-01
5.803002e-05 2.890625e-01 9.145859e-02
5.853002e-05 2.578125e-01 5.269849e-02
5.903002e-05 2.226562e-01 1.366685e-02
5.953002e-05 1.875000e-01 -2.538811e-02
6.003002e-05 1.523438e-01 -6.421803e-02
6.053002e-05 1.132812e-01 -1.025760e-01
6.103002e-05 7.421875e-02 -1.402180e-01
6.153002e-05 3.515625e-02 -1.769047e-01
6.203002e-05 -3.906250e-03 -2.124028e-01
6.253002e-05 -4.296875e-02 -2.464866e-01
6.303002e-05 -8.203125e-02 -2.789392e-01
6.353002e-05 -1.210938e-01 -3.095544e-01
6.403002e-05 -1.562500e-01 -3.381374e-01
6.453002e-05 -1.914062e-01 -3.645065e-01
6.503002e-05 -2.265625e-01 -3.884939e-01
6.553002e-05 -2.617188e-01 -4.099472e-01
6.603002e-05 -2.929688e-01 -4.287298e-01
6.653002e-05 -3.242188e-01 -4.447224e-01
6.703002e-05 -3.515625e-01 -4.578232e-01
6.753002e-05 -3.750000e-01 -4.679489e-01
6.803002e-05 -3.984375e-01 -4.750352e-01
6.853002e-05 -4.179688e-01 -4.790369e-01
6.903002e-05 -4.375000e-01 -4.799287e-01
6.953002e-05 -4.531250e-01 -4.777048e-01
7.003002e-05 -4.648438e-01 -4.723794e-01
7.053002e-05 -4.726562e-01 -4.639863e-01
7.103002e-05 -4.765625e-01 -4.525790e-01
7.153002e-05 -4.804688e-01 -4.382299e-01
7.203002e-05 -4.804688e-01 -4.210304e-01
7.253002e-05 -4.765625e-01 -4.010898e-01
7.303002e-05 -4.687500e-01 -3.785349e-01
7.353002e-05 -4.609375e-01 -3.535091e-01
7.403002e-05 -4.453125e-01 -3.261717e-01
7.453002e-05 -4.296875e-01 -2.966964e-01
7.503002e-05 -4.140625e-01 -2.652707e-01
7.553002e-05 -3.906250e-01 -2.320944e-01
7.603002e-05 -3.671875e-01 -1.973786e-01
7.653002e-05 -3.437500e-01 -1.613439e-01
7.703002e-05 -3.125000e-01 -1.242196e-01
7.753002e-05 -2.851562e-01 -8.624176e-02
7.803002e-05 -2.500000e-01 -4.765187e-02
7.853002e-05 -2.187500e-01 -8.695355e-03
7.903002e-05 -1.835938e-01 3.038006e-02
7.953002e-05 -1.445312e-01 6.932586e-02
8.003002e-05 -1.093750e-01 1.078944e-01
8.053002e-05 -7.031250e-02 1.458404e-01
8.103002e-05 -3.125000e-02 1.829225e-01
8.153002e-05 7.812500e-03 2.189049e-01
8.203002e-05 4.687500e-02 2.535588e-01
8.253002e-05 8.593750e-02 2.866639e-01
8.303002e-05 1.250000e-01 3.180095e-01
8.353002e-05 1.601562e-01 3.473964e-01
8.403002e-05 1.992188e-01 3.746376e-01
8.453002e-05 2.343750e-01 3.995599e-01
8.503002e-05 2.695312e-01 4.220049e-01
8.553002e-05 3.007812e-01 4.418298e-01
8.603002e-05 3.320312e-01 4.589085e-01
8.653002e-05 3.593750e-01 4.731324e-01
8.703002e-05 3.867188e-01 4.844110e-01
8.753002e-05 4.101562e-01 4.926727e-01
8.803002e-05 4.296875e-01 4.978649e-01
8.853002e-05 4.492188e-01 4.999546e-01
8.903002e-05 4.648438e-01 4.989284e-01
8.953002e-05 4.765625e-01 4.947929e-01
9.003002e-05 4.882812e-01 4.875745e-01
9.053002e-05 4.960938e-01 4.773189e-01
9.103002e-05 4.960938e-01 4.640915e-01
9.153002e-05 4.960938e-01 4.479764e-01
9.203002e-05 4.960938e-01 4.290760e-01
9.253002e-05 4.921875e-01 4.075105e-01
9.303002e-05 4.843750e-01 3.834170e-01
9.353002e-05 4.726562e-01 3.569489e-01
9.403002e-05 4.570312e-01 3.282744e-01
9.453002e-05 4.414062e-01 2.975758e-01
9.503002e-05 4.179688e-01 2.650485e-01
9.553002e-05 3.984375e-01 2.308991e-01
9.603002e-05 3.710938e-01 1.953450e-01
9.653002e-05 3.437500e-01 1.586122e-01
9.703002e-05 3.164062e-01 1.209344e-01
9.753002e-05 2.812500e-01 8.255100e-02
9.803002e-05 2.500000e-01 4.370627e-02
9.853002e-05 2.148438e-01 4.647182e-03
9.903002e-05 1.796875e-01 -3.437786e-02
9.953002e-05 1.406250e-01 -7.312069e-02
1.000300e-04 1.054688e-01 -1.113349e-01
1.005300e-04 6.640625e-02 -1.487775e-01
1.010300e-04 2.734375e-02 -1.852104e-01
1.015300e-04 -1.171875e-02 -2.204019e-01
1.020300e-04 -5.078125e-02 -2.541281e-01
1.025300e-04 -8.984375e-02 -2.861747e-01
1.030300e-04 -1.289062e-01 -3.163377e-01
1.035300e-04 -1.640625e-01 -3.444255e-01
1.040300e-04 -2.031250e-01 -3.702593e-01
1.045300e-04 -2.343750e-01 -3.936749e-01
1.050300e-04 -2.695312e-01 -4.145233e-01
1.055300e-04 -3.007812e-01 -4.326720e-01
1.060300e-04 -3.281250e-01 -4.480057e-01
1.065300e-04 -3.554688e-01 -4.604266e-01
1.070300e-04 -3.828125e-01 -4.698560e-01
1.075300e-04 -4.023438e-01 -4.762337e-01
1.080300e-04 -4.218750e-01 -4.795193e-01
1.085300e-04 -4.414062e-01 -4.796918e-01
1.090300e-04 -4.531250e-01 -4.767502e-01
1.095300e-04 -4.648438e-01 -4.707132e-01
1.100300e-04 -4.726562e-01 -4.616191e-01
1.105300e-04 -4.765625e-01 -4.495258e-01
1.110300e-04 -4.804688e-01 -4.345101e-01
1.115300e-04 -4.804688e-01 -4.166677e-01
1.120300e-04 -4.765625e-01 -3.961119e-01
1.125300e-04 -4.687500e-01 -3.729735e-01
1.130300e-04 -4.570312e-01 -3.473996e-01
1.135300e-04 -4.453125e-01 -3.195528e-01
1.140300e-04 -4.257812e-01 -2.896103e-01
1.145300e-04 -4.101562e-01 -2.577625e-01
1.150300e-04 -3.867188e-01 -2.242118e-01
1.155300e-04 -3.632812e-01 -1.891717e-01
1.160300e-04 -3.359375e-01 -1.528650e-01
1.165300e-04 -3.085938e-01 -1.155225e-01
1.170300e-04 -2.773438e-01 -7.738184e-02
1.175300e-04 -2.421875e-01 -3.868546e-02
1.180300e-04 -2.109375e-01 3.205429e-04
1.185300e-04 -1.718750e-01 3.938810e-02
1.190300e-04 -1.367188e-01 7.826876e-02
1.195300e-04 -9.765625e-02 1.167153e-01
1.200300e-04 -6.250000e-02 1.544831e-01
1.205300e-04 -2.343750e-02 1.913322e-01
1.210300e-04 1.562500e-02 2.270281e-01
1.215300e-04 5.468750e-02 2.613438e-01
1.220300e-04 9.375000e-02 2.940611e-01
1.225300e-04 1.328125e-01 3.249719e-01
1.230300e-04 1.718750e-01 3.538798e-01
1.235300e-04 2.070312e-01 3.806007e-01
1.240300e-04 2.421875e-01 4.049649e-01
1.245300e-04 2.773438e-01 4.268173e-01
1.250300e-04 3.085938e-01 4.460190e-01
1.255300e-04 3.359375e-01 4.624479e-01
1.260300e-04 3.671875e-01 4.759995e-01
1.265300e-04 3.906250e-01 4.865876e-01
1.270300e-04 4.140625e-01 4.941449e-01
1.275300e-04 4.335938e-01 4.986233e-01
1.280300e-04 4.531250e-01 4.999944e-01
1.285300e-04 4.687500e-01 4.982494e-01
1.290300e-04 4.804688e-01 4.933994e-01
1.295300e-04 4.882812e-01 4.854753e-01
1.300300e-04 4.960938e-01 4.745275e-01
1.305300e-04 4.960938e-01 4.606255e-01
1.310300e-04 4.960938e-01 4.438579e-01
1.315300e-04 4.960938e-01 4.243311e-01
1.320300e-04 4.882812e-01 4.021695e-01
1.325300e-04 4.804688e-01 3.775139e-01
1.330300e-04 4.687500e-01 3.505211e-01
1.335300e-04 4.531250e-01 3.213628e-01
1.340300e-04 4.335938e-01 2.902245e-01
1.345300e-04 4.140625e-01 2.573040e-01
1.350300e-04 3.906250e-01 2.228109e-01
1.355300e-04 3.671875e-01 1.869644e-01
1.360300e-04 3.359375e-01 1.499926e-01
1.365300e-04 3.085938e-01 1.121304e-01
1.370300e-04 2.773438e-01 7.361882e-02
1.375300e-04 2.421875e-01 3.470262e-02
1.380300e-04 2.070312e-01 -4.370671e-03
1.385300e-04 1.718750e-01 -4.335258e-02
1.390300e-04 1.328125e-01 -8.199519e-02
1.395300e-04 9.375000e-02 -1.200528e-01
1.400300e-04 5.468750e-02 -1.572833e-01
1.405300e-04 1.562500e-02 -1.934500e-01
1.410300e-04 -2.343750e-02 -2.283229e-01
1.415300e-04 -6.250000e-02 -2.616802e-01
1.420300e-04 -9.765625e-02 -2.933097e-01
1.425300e-04 -1.367188e-01 -3.230104e-01
1.430300e-04 -1.718750e-01 -3.505934e-01
1.435300e-04 -2.109375e-01 -3.758832e-01
1.440300e-04 -2.421875e-01 -3.987190e-01
1.445300e-04 -2.773438e-01 -4.189556e-01
1.450300e-04 -3.085938e-01 -4.364643e-01
1.455300e-04 -3.359375e-01 -4.511337e-01
1.460300e-04 -3.632812e-01 -4.628706e-01
1.465300e-04 -3.867188e-01 -4.716004e-01
1.470300e-04 -4.101562e-01 -4.772674e-01
1.475300e-04 -4.257812e-01 -4.798358e-01
1.480300e-04 -4.453125e-01 -4.792890e-01
1.485300e-04 -4.570312e-01 -4.756307e-01
1.490300e-04 -4.687500e-01 -4.688841e-01
1.495300e-04 -4.765625e-01 -4.590920e-01
1.500300e-04 -4.804688e-01 -4.463168e-01
1.505300e-04 -4.804688e-01 -4.306397e-01
1.510300e-04 -4.765625e-01 -4.121604e-01
1.515300e-04 -4.726562e-01 -3.909964e-01
1.520300e-04 -4.648438e-01 -3.672823e-01
1.525300e-04 -4.531250e-01 -3.411689e-01
1.530300e-04 -4.414062e-01 -3.128223e-01
1.535300e-04 -4.218750e-01 -2.824227e-01
1.540300e-04 -4.023438e-01 -2.501635e-01
1.545300e-04 -3.828125e-01 -2.162499e-01
1.550300e-04 -3.554688e-01 -1.808974e-01
1.555300e-04 -3.281250e-01 -1.443309e-01
1.560300e-04 -3.007812e-01 -1.067829e-01
1.565300e-04 -2.695312e-01 -6.849231e-02
1.570300e-04 -2.343750e-01 -2.970254e-02
1.575300e-04 -2.031250e-01 9.339720e-03
1.580300e-04 -1.640625e-01 4.838618e-02
1.585300e-04 -1.289062e-01 8.718852e-02
1.590300e-04 -8.984375e-02 1.255000e-01
1.595300e-04 -5.078125e-02 1.630770e-01
1.600300e-04 -1.171875e-02 1.996804e-01
1.605300e-04 2.734375e-02 2.350777e-01
1.610300e-04 6.640625e-02 2.690435e-01
1.615300e-04 1.054688e-01 3.013621e-01
1.620300e-04 1.406250e-01 3.318277e-01
1.625300e-04 1.796875e-01 3.602467e-01
1.630300e-04 2.148438e-01 3.864383e-01
1.635300e-04 2.500000e-01 4.102360e-01
1.640300e-04 2.812500e-01 4.314884e-01
1.645300e-04 3.164062e-01 4.500605e-01
1.650300e-04 3.437500e-01 4.658340e-01
1.655300e-04 3.710938e-01 4.787087e-01
1.660300e-04 3.984375e-01 4.886026e-01
1.665300e-04 4.179688e-01 4.954530e-01
1.670300e-04 4.414062e-01 4.992161e-01
1.675300e-04 4.570312e-01 4.998682e-01
1.680300e-04 4.726562e-01 4.974049e-01
1.685300e-04 4.843750e-01 4.918421e-01
1.690300e-04 4.921875e-01 4.832150e-01
1.695300e-04 4.960938e-01 4.715786e-01
1.700300e-04 4.960938e-01 4.570068e-01
1.705300e-04 4.960938e-01 4.395923e-01
1.710300e-04 4.960938e-01 4.194459e-01
1.715300e-04 4.882812e-01 3.966956e-01
1.720300e-04 4.765625e-01 3.714862e-01
1.725300e-04 4.648438e-01 3.439779e-01
1.730300e-04 4.492188e-01 3.143458e-01
1.735300e-04 4.296875e-01 2.827782e-01
1.740300e-04 4.101562e-01 2.494758e-01
1.745300e-04 3.867188e-01 2.146506e-01
1.750300e-04 3.593750e-01 1.785239e-01
1.755300e-04 3.320312e-01 1.413255e-01
1.760300e-04 3.007812e-01 1.032919e-01
1.765300e-04 2.695312e-01 6.466509e-02
1.770300e-04 2.343750e-01 2.569061e-02
1.775300e-04 1.992188e-01 -1.338365e-02
1.780300e-04 1.601562e-01 -5.230921e-02
1.785300e-04 1.250000e-01 -9.083852e-02
1.790300e-04 8.593750e-02 -1.287266e-01
1.795300e-04 4.687500e-02 -1.657324e-01
1.800300e-04 7.812500e-03 -2.016206e-01
1.805300e-04 -3.125000e-02 -2.361631e-01
1.810300e-04 -7.031250e-02 -2.691402e-01
1.815300e-04 -1.093750e-01 -3.003420e-01
1.820300e-04 -1.445312e-01 -3.295703e-01
1.825300e-04 -1.835938e-01 -3.566391e-01
1.830300e-04 -2.187500e-01 -3.813763e-01
1.835300e-04 -2.500000e-01 -4.036246e-01
1.840300e-04 -2.851562e-01 -4.232425e-01
1.845300e-04 -3.125000e-01 -4.401052e-01
1.850300e-04 -3.437500e-01 -4.541056e-01
1.855300e-04 -3.671875e-01 -4.651544e-01
1.860300e-04 -3.906250e-01 -4.731816e-01
1.865300e-04 -4.140625e-01 -4.781361e-01
1.870300e-04 -4.296875e-01 -4.799863e-01
1.875300e-04 -4.453125e-01 -4.787205e-01
1.880300e-04 -4.609375e-01 -4.743467e-01
1.885300e-04 -4.687500e-01 -4.668927e-01
1.890300e-04 -4.765625e-01 -4.564060e-01
1.895300e-04 -4.804688e-01 -4.429532e-01
1.900300e-04 -4.804688e-01 -4.266200e-01
1.905300e-04 -4.765625e-01 -4.075100e-01
1.910300e-04 -4.726562e-01 -3.857450e-01
1.915300e-04 -4.648438e-01 -3.614633e-01
1.920300e-04 -4.531250e-01 -3.348193e-01
1.925300e-04 -4.375000e-01 -3.059824e-01
1.930300e-04 -4.179688e-01 -2.751361e-01
1.935300e-04 -3.984375e-01 -2.424765e-01
1.940300e-04 -3.750000e-01 -2.082112e-01
1.945300e-04 -3.515625e-01 -1.725583e-01
1.950300e-04 -3.242188e-01 -1.357445e-01
1.955300e-04 -2.929688e-01 -9.800375e-02
1.960300e-04 -2.617188e-01 -5.957619e-02
1.965300e-04 -2.265625e-01 -2.070617e-02
1.970300e-04 -1.914062e-01 1.835912e-02
1.975300e-04 -1.562500e-01 5.737126e-02
1.980300e-04 -1.210938e-01 9.608214e-02
1.985300e-04 -8.203125e-02 1.342456e-01
1.990300e-04 -4.296875e-02 1.716189e-01
1.995300e-04 -3.906250e-03 2.079644e-01
2.000300e-04 3.515625e-02 2.430510e-01
2.005300e-04 7.421875e-02 2.766555e-01
2.010300e-04 1.132812e-01 3.085643e-01
2.015300e-04 1.523438e-01 3.385744e-01
2.020300e-04 1.875000e-01 3.664949e-01
2.025300e-04 2.226562e-01 3.921483e-01
2.030300e-04 2.578125e-01 4.153715e-01
2.035300e-04 2.890625e-01 4.360168e-01
2.040300e-04 3.203125e-01 4.539529e-01
2.045300e-04 3.515625e-01 4.690656e-01
2.050300e-04 3.789062e-01 4.812591e-01
2.055300e-04 4.023438e-01 4.904555e-01
2.060300e-04 4.257812e-01 4.965966e-01
2.065300e-04 4.453125e-01 4.996432e-01
2.070300e-04 4.609375e-01 4.995760e-01
2.075300e-04 4.726562e-01 4.963954e-01
2.080300e-04 4.843750e-01 4.901215e-01
2.085300e-04 4.921875e-01 4.807944e-01
2.090300e-04 4.960938e-01 4.684734e-01
2.095300e-04 4.960938e-01 4.532367e-01
2.100300e-04 4.960938e-01 4.351812e-01
2.105300e-04 4.921875e-01 4.144219e-01
2.110300e-04 4.843750e-01 3.910907e-01
2.115300e-04 4.765625e-01 3.653360e-01
2.120300e-04 4.609375e-01 3.373216e-01
2.125300e-04 4.453125e-01 3.072256e-01
2.130300e-04 4.257812e-01 2.752394e-01
2.135300e-04 4.023438e-01 2.415665e-01
2.140300e-04 3.789062e-01 2.064209e-01
2.145300e-04 3.515625e-01 1.700263e-01
2.150300e-04 3.242188e-01 1.326139e-01
2.155300e-04 2.929688e-01 9.442181e-02
2.160300e-04 2.617188e-01 5.569283e-02
2.165300e-04 2.265625e-01 1.667328e-02
2.170300e-04 1.914062e-01 -2.238871e-02
2.175300e-04 1.523438e-01 -6.124473e-02
2.180300e-04 1.171875e-01 -9.964768e-02
2.185300e-04 7.812500e-02 -1.373533e-01
2.190300e-04 3.906250e-02 -1.741219e-01
2.195300e-04 0.000000e+00 -2.097196e-01
2.200300e-04 -3.906250e-02 -2.439200e-01
2.205300e-04 -7.812500e-02 -2.765056e-01
2.210300e-04 -1.171875e-01 -3.072692e-01
2.215300e-04 -1.523438e-01 -3.360151e-01
2.220300e-04 -1.914062e-01 -3.625606e-01
2.225300e-04 -2.265625e-01 -3.867369e-01
2.230300e-04 -2.578125e-01 -4.083901e-01
2.235300e-04 -2.890625e-01 -4.273826e-01
2.240300e-04 -3.203125e-01 -4.435937e-01
2.245300e-04 -3.476562e-01 -4.569201e-01
2.250300e-04 -3.750000e-01 -4.672772e-01
2.255300e-04 -3.984375e-01 -4.745992e-01
2.260300e-04 -4.179688e-01 -4.788393e-01
2.265300e-04 -4.335938e-01 -4.799708e-01
2.270300e-04 -4.492188e-01 -4.779863e-01
2.275300e-04 -4.609375e-01 -4.728985e-01
2.280300e-04 -4.726562e-01 -4.647398e-01
2.285300e-04 -4.765625e-01 -4.535620e-01
2.290300e-04 -4.804688e-01 -4.394362e-01
2.295300e-04 -4.804688e-01 -4.224523e-01
2.300300e-04 -4.765625e-01 -4.027182e-01
2.305300e-04 -4.687500e-01 -3.803595e-01
2.310300e-04 -4.609375e-01 -3.555184e-01
2.315300e-04 -4.492188e-01 -3.283528e-01
2.320300e-04 -4.335938e-01 -2.990354e-01
2.325300e-04 -4.140625e-01 -2.677528e-01
2.330300e-04 -3.945312e-01 -2.347038e-01
2.335300e-04 -3.710938e-01 -2.000987e-01
2.340300e-04 -3.437500e-01 -1.641575e-01
2.345300e-04 -3.164062e-01 -1.271087e-01
2.350300e-04 -2.851562e-01 -8.918797e-02
2.355300e-04 -2.539062e-01 -5.063649e-02
2.360300e-04 -2.187500e-01 -1.169940e-02
2.365300e-04 -1.835938e-01 2.737569e-02
2.370300e-04 -1.484375e-01 6.634028e-02
2.375300e-04 -1.093750e-01 1.049466e-01
2.380300e-04 -7.421875e-02 1.429491e-01
2.385300e-04 -3.515625e-02 1.801061e-01
2.390300e-04 3.906250e-03 2.161813e-01
2.395300e-04 4.296875e-02 2.509454e-01
2.400300e-04 8.203125e-02 2.841772e-01
2.405300e-04 1.210938e-01 3.156654e-01
2.410300e-04 1.601562e-01 3.452097e-01
2.415300e-04 1.953125e-01 3.726223e-01
2.420300e-04 2.304688e-01 3.977288e-01
2.425300e-04 2.656250e-01 4.203697e-01
2.430300e-04 2.968750e-01 4.404008e-01
2.435300e-04 3.281250e-01 4.576948e-01
2.440300e-04 3.554688e-01 4.721418e-01
2.445300e-04 3.828125e-01 4.836498e-01
2.450300e-04 4.062500e-01 4.921456e-01
2.455300e-04 4.296875e-01 4.975754e-01
2.460300e-04 4.492188e-01 4.999044e-01
2.465300e-04 4.648438e-01 4.991179e-01
2.470300e-04 4.765625e-01 4.952210e-01
2.475300e-04 4.882812e-01 4.882383e-01
2.480300e-04 4.960938e-01 4.782143e-01
2.485300e-04 4.960938e-01 4.652127e-01
2.490300e-04 4.960938e-01 4.493163e-01
2.495300e-04 4.960938e-01 4.306261e-01
2.500300e-04 4.921875e-01 4.092609e-01
2.505300e-04 4.843750e-01 3.853567e-01
2.510300e-04 4.726562e-01 3.590655e-01
2.515300e-04 4.570312e-01 3.305544e-01
2.520300e-04 4.414062e-01 3.000047e-01
2.525300e-04 4.218750e-01 2.676108e-01
2.530300e-04 3.984375e-01 2.335787e-01
2.535300e-04 3.750000e-01 1.981247e-01
2.540300e-04 3.476562e-01 1.614744e-01
2.545300e-04 3.164062e-01 1.238608e-01
2.550300e-04 2.851562e-01 8.552308e-02
2.555300e-04 2.539062e-01 4.670509e-02
2.560300e-04 2.187500e-01 7.653686e-03
2.565300e-04 1.835938e-01 -3.138280e-02
2.570300e-04 1.445312e-01 -7.015612e-02
2.575300e-04 1.054688e-01 -1.084197e-01
2.580300e-04 6.640625e-02 -1.459302e-01
2.585300e-04 2.734375e-02 -1.824491e-01
2.590300e-04 -1.171875e-02 -2.177441e-01
2.595300e-04 -5.078125e-02 -2.515908e-01
2.600300e-04 -8.593750e-02 -2.837739e-01
2.605300e-04 -1.250000e-01 -3.140888e-01
2.610300e-04 -1.640625e-01 -3.423427e-01
2.615300e-04 -1.992188e-01 -3.683559e-01
2.620300e-04 -2.343750e-01 -3.919630e-01
2.625300e-04 -2.656250e-01 -4.130138e-01
2.630300e-04 -2.968750e-01 -4.313746e-01
2.635300e-04 -3.281250e-01 -4.469284e-01
2.640300e-04 -3.554688e-01 -4.595765e-01
2.645300e-04 -3.789062e-01 -4.692383e-01
2.650300e-04 -4.023438e-01 -4.758525e-01
2.655300e-04 -4.218750e-01 -4.793769e-01
2.660300e-04 -4.375000e-01 -4.797892e-01
2.665300e-04 -4.531250e-01 -4.770868e-01
2.670300e-04 -4.648438e-01 -4.712867e-01
2.675300e-04 -4.726562e-01 -4.624259e-01
2.680300e-04 -4.765625e-01 -4.505609e-01
2.685300e-04 -4.804688e-01 -4.357669e-01
2.690300e-04 -4.804688e-01 -4.181381e-01
2.695300e-04 -4.765625e-01 -3.977866e-01
2.700300e-04 -4.687500e-01 -3.748418e-01
2.705300e-04 -4.570312e-01 -3.494497e-01
2.710300e-04 -4.453125e-01 -3.217716e-01
2.715300e-04 -4.296875e-01 -2.919837e-01
2.720300e-04 -4.101562e-01 -2.602754e-01
2.725300e-04 -3.867188e-01 -2.268483e-01
2.730300e-04 -3.632812e-01 -1.919150e-01
2.735300e-04 -3.398438e-01 -1.556976e-01
2.740300e-04 -3.085938e-01 -1.184264e-01
2.745300e-04 -2.773438e-01 -8.033859e-02
2.750300e-04 -2.460938e-01 -4.167624e-02
2.755300e-04 -2.109375e-01 -2.685272e-03
2.760300e-04 -1.757812e-01 3.638637e-02
2.765300e-04 -1.406250e-01 7.529021e-02
2.770300e-04 -1.015625e-01 1.137789e-01
2.775300e-04 -6.250000e-02 1.516075e-01
2.780300e-04 -2.343750e-02 1.885356e-01
2.785300e-04 1.562500e-02 2.243284e-01
2.790300e-04 5.468750e-02 2.587581e-01
2.795300e-04 9.375000e-02 2.916059e-01
2.800300e-04 1.289062e-01 3.226629e-01
2.805300e-04 1.679688e-01 3.517315e-01
2.810300e-04 2.031250e-01 3.786269e-01
2.815300e-04 2.382812e-01 4.031780e-01
2.820300e-04 2.734375e-01 4.252288e-01
2.825300e-04 3.046875e-01 4.446389e-01
2.830300e-04 3.359375e-01 4.612851e-01
2.835300e-04 3.632812e-01 4.750613e-01
2.840300e-04 3.906250e-01 4.858800e-01
2.845300e-04 4.140625e-01 4.936724e-01
2.850300e-04 4.335938e-01 4.983889e-01
2.855300e-04 4.531250e-01 4.999996e-01
2.860300e-04 4.687500e-01 4.984941e-01
2.865300e-04 4.804688e-01 4.938821e-01
2.870300e-04 4.882812e-01 4.861930e-01
2.875300e-04 4.960938e-01 4.754755e-01
2.880300e-04 4.960938e-01 4.617979e-01
2.885300e-04 4.960938e-01 4.452471e-01
2.890300e-04 4.960938e-01 4.259284e-01
2.895300e-04 4.921875e-01 4.039647e-01
2.900300e-04 4.804688e-01 3.794955e-01
2.905300e-04 4.687500e-01 3.526766e-01
2.910300e-04 4.531250e-01 3.236785e-01
2.915300e-04 4.375000e-01 2.926856e-01
2.920300e-04 4.179688e-01 2.598950e-01
2.925300e-04 3.945312e-01 2.255151e-01
2.930300e-04 3.671875e-01 1.897648e-01
2.935300e-04 3.398438e-01 1.528712e-01
2.940300e-04 3.085938e-01 1.150691e-01
2.945300e-04 2.773438e-01 7.659876e-02
2.950300e-04 2.460938e-01 3.770492e-02
2.955300e-04 2.109375e-01 -1.365110e-03
2.960300e-04 1.718750e-01 -4.036286e-02
2.965300e-04 1.367188e-01 -7.904034e-02
2.970300e-04 9.765625e-02 -1.171516e-01
2.975300e-04 5.859375e-02 -1.544542e-01
2.980300e-04 1.953125e-02 -1.907110e-01
2.985300e-04 -1.953125e-02 -2.256914e-01
2.990300e-04 -5.859375e-02 -2.591729e-01
2.995300e-04 -9.765625e-02 -2.909427e-01
3.000300e-04 -1.328125e-01 -3.207986e-01
3.005300e-04 -1.718750e-01 -3.485509e-01
3.010300e-04 -2.070312e-01 -3.740230e-01
3.015300e-04 -2.421875e-01 -3.970529e-01
3.020300e-04 -2.734375e-01 -4.174942e-01
3.025300e-04 -3.046875e-01 -4.352169e-01
3.030300e-04 -3.320312e-01 -4.501083e-01
3.035300e-04 -3.593750e-01 -4.620737e-01
3.040300e-04 -3.867188e-01 -4.710370e-01
3.045300e-04 -4.062500e-01 -4.769412e-01
3.050300e-04 -4.257812e-01 -4.797487e-01
3.055300e-04 -4.414062e-01 -4.794417e-01
3.060300e-04 -4.570312e-01 -4.760222e-01
3.065300e-04 -4.648438e-01 -4.695118e-01
3.070300e-04 -4.726562e-01 -4.599521e-01
3.075300e-04 -4.804688e-01 -4.474037e-01
3.080300e-04 -4.804688e-01 -4.319465e-01
3.085300e-04 -4.804688e-01 -4.136788e-01
3.090300e-04 -4.726562e-01 -3.927167e-01
3.095300e-04 -4.648438e-01 -3.691937e-01
3.100300e-04 -4.570312e-01 -3.432591e-01
3.105300e-04 -4.414062e-01 -3.150781e-01
3.110300e-04 -4.257812e-01 -2.848297e-01
3.115300e-04 -4.062500e-01 -2.527064e-01
3.120300e-04 -3.828125e-01 -2.189125e-01
3.125300e-04 -3.593750e-01 -1.836628e-01
3.130300e-04 -3.320312e-01 -1.471815e-01
3.135300e-04 -3.007812e-01 -1.097007e-01
3.140300e-04 -2.695312e-01 -7.145859e-02
3.145300e-04 -2.382812e-01 -3.269849e-02
3.150300e-04 -2.031250e-01 6.333152e-03
3.155300e-04 -1.679688e-01 4.538811e-02
3.160300e-04 -1.328125e-01 8.421803e-02
3.165300e-04 -9.375000e-02 1.225760e-01
3.170300e-04 -5.468750e-02 1.602180e-01
3.175300e-04 -1.562500e-02 1.969047e-01
3.180300e-04 2.343750e-02 2.324028e-01
3.185300e-04 6.250000e-02 2.664866e-01
3.190300e-04 1.015625e-01 2.989392e-01
3.195300e-04 1.406250e-01 3.295544e-01
3.200300e-04 1.757812e-01 3.581374e-01
3.205300e-04 2.109375e-01 3.845065e-01
3.210300e-04 2.460938e-01 4.084939e-01
3.215300e-04 2.812500e-01 4.299472e-01
3.220300e-04 3.125000e-01 4.487298e-01
3.225300e-04 3.437500e-01 4.647224e-01
3.230300e-04 3.710938e-01 4.778232e-01
3.235300e-04 3.945312e-01 4.879489e-01
3.240300e-04 4.179688e-01 4.950352e-01
3.245300e-04 4.375000e-01 4.990369e-01
3.250300e-04 4.570312e-01 4.999287e-01
3.255300e-04 4.687500e-01 4.977048e-01
3.260300e-04 4.804688e-01 4.923794e-01
3.265300e-04 4.921875e-01 4.839863e-01
3.270300e-04 4.960938e-01 4.725790e-01
3.275300e-04 4.960938e-01 4.582299e-01
3.280300e-04 4.960938e-01 4.410304e-01
3.285300e-04 4.960938e-01 4.210898e-01
3.290300e-04 4.882812e-01 3.985349e-01
3.295300e-04 4.804688e-01 3.735091e-01
3.300300e-04 4.648438e-01 3.461717e-01
3.305300e-04 4.492188e-01 3.166964e-01
3.310300e-04 4.335938e-01 2.852707e-01
3.315300e-04 4.101562e-01 2.520944e-01
3.320300e-04 3.867188e-01 2.173786e-01
3.325300e-04 3.632812e-01 1.813439e-01
3.330300e-04 3.320312e-01 1.442196e-01
3.335300e-04 3.007812e-01 1.062418e-01
3.340300e-04 2.695312e-01 6.765187e-02
3.345300e-04 2.382812e-01 2.869535e-02
3.350300e-04 2.031250e-01 -1.038006e-02
3.355300e-04 1.640625e-01 -4.932586e-02
3.360300e-04 1.289062e-01 -8.789439e-02
3.365300e-04 8.984375e-02 -1.258404e-01
3.370300e-04 5.078125e-02 -1.629225e-01
3.375300e-04 1.171875e-02 -1.989049e-01
3.380300e-04 -2.734375e-02 -2.335588e-01
3.385300e-04 -6.640625e-02 -2.666639e-01
3.390300e-04 -1.054688e-01 -2.980095e-01
3.395300e-04 -1.445312e-01 -3.273964e-01
3.400300e-04 -1.796875e-01 -3.546376e-01
3.405300e-04 -2.148438e-01 -3.795599e-01
3.410300e-04 -2.500000e-01 -4.020049e-01
3.415300e-04 -2.812500e-01 -4.218298e-01
3.420300e-04 -3.125000e-01 -4.389085e-01
3.425300e-04 -3.398438e-01 -4.531324e-01
3.430300e-04 -3.671875e-01 -4.644110e-01
3.435300e-04 -3.906250e-01 -4.726727e-01
3.440300e-04 -4.101562e-01 -4.778649e-01
3.445300e-04 -4.296875e-01 -4.799546e-01
3.450300e-04 -4.453125e-01 -4.789284e-01
3.455300e-04 -4.570312e-01 -4.747929e-01
3.460300e-04 -4.687500e-01 -4.675745e-01
3.465300e-04 -4.765625e-01 -4.573189e-01
3.470300e-04 -4.804688e-01 -4.440915e-01
3.475300e-04 -4.804688e-01 -4.279764e-01
3.480300e-04 -4.765625e-01 -4.090760e-01
3.485300e-04 -4.726562e-01 -3.875105e-01
3.490300e-04 -4.648438e-01 -3.634170e-01
3.495300e-04 -4.531250e-01 -3.369489e-01
3.500300e-04 -4.375000e-01 -3.082744e-01
3.505300e-04 -4.218750e-01 -2.775758e-01
3.510300e-04 -3.984375e-01 -2.450485e-01
3.515300e-04 -3.789062e-01 -2.108991e-01
3.520300e-04 -3.515625e-01 -1.753450e-01
3.525300e-04 -3.242188e-01 -1.386122e-01
3.530300e-04 -2.968750e-01 -1.009344e-01
3.535300e-04 -2.656250e-01 -6.255100e-02
3.540300e-04 -2.304688e-01 -2.370627e-02
3.545300e-04 -1.953125e-01 1.535282e-02
3.550300e-04 -1.601562e-01 5.437786e-02
3.555300e-04 -1.210938e-01 9.312069e-02
3.560300e-04 -8.593750e-02 1.313349e-01
3.565300e-04 -4.687500e-02 1.687775e-01
3.570300e-04 -7.812500e-03 2.052104e-01
3.575300e-04 3.125000e-02 2.404019e-01
3.580300e-04 7.031250e-02 2.741281e-01
3.585300e-04 1.093750e-01 3.061747e-01
3.590300e-04 1.484375e-01 3.363377e-01
3.595300e-04 1.835938e-01 3.644255e-01
3.600300e-04 2.187500e-01 3.902593e-01
3.605300e-04 2.539062e-01 4.136749e-01
3.610300e-04 2.890625e-01 4.345233e-01
3.615300e-04 3.203125e-01 4.526720e-01
3.620300e-04 3.476562e-01 4.680057e-01
3.625300e-04 3.750000e-01 4.804266e-01
3.630300e-04 4.023438e-01 4.898560e-01
3.635300e-04 4.218750e-01 4.962337e-01
3.640300e-04 4.414062e-01 4.995193e-01
3.645300e-04 4.609375e-01 4.996918e-01
3.650300e-04 4.726562e-01 4.967502e-01
3.655300e-04 4.843750e-01 4.907132e-01
3.660300e-04 4.921875e-01 4.816191e-01
3.665300e-04 4.960938e-01 4.695258e-01
3.670300e-04 4.960938e-01 4.545101e-01
3.675300e-04 4.960938e-01 4.366677e-01
3.680300e-04 4.921875e-01 4.161119e-01
3.685300e-04 4.882812e-01 3.929735e-01
3.690300e-04 4.765625e-01 3.673996e-01
3.695300e-04 4.609375e-01 3.395528e-01
3.700300e-04 4.453125e-01 3.096103e-01
3.705300e-04 4.257812e-01 2.777625e-01
3.710300e-04 4.062500e-01 2.442118e-01
3.715300e-04 3.828125e-01 2.091717e-01
3.720300e-04 3.554688e-01 1.728650e-01
3.725300e-04 3.281250e-01 1.355225e-01
3.730300e-04 2.968750e-01 9.738184e-02
3.735300e-04 2.617188e-01 5.868546e-02
3.740300e-04 2.304688e-01 1.967946e-02
3.745300e-04 1.914062e-01 -1.938810e-02
3.750300e-04 1.562500e-01 -5.826876e-02
3.755300e-04 1.171875e-01 -9.671527e-02
3.760300e-04 7.812500e-02 -1.344831e-01
3.765300e-04 4.296875e-02 -1.713322e-01
3.770300e-04 3.906250e-03 -2.070281e-01
3.775300e-04 -3.515625e-02 -2.413438e-01
3.780300e-04 -7.421875e-02 -2.740611e-01
3.785300e-04 -1.132812e-01 -3.049719e-01
3.790300e-04 -1.523438e-01 -3.338798e-01
3.795300e-04 -1.875000e-01 -3.606007e-01
3.800300e-04 -2.226562e-01 -3.849649e-01
3.805300e-04 -2.578125e-01 -4.068173e-01
3.810300e-04 -2.890625e-01 -4.260190e-01
3.815300e-04 -3.164062e-01 -4.424479e-01
3.820300e-04 -3.476562e-01 -4.559995e-01
3.825300e-04 -3.710938e-01 -4.665876e-01
3.830300e-04 -3.945312e-01 -4.741449e-01
3.835300e-04 -4.140625e-01 -4.786233e-01
3.840300e-04 -4.335938e-01 -4.799944e-01
3.845300e-04 -4.492188e-01 -4.782494e-01
3.850300e-04 -4.609375e-01 -4.733994e-01
3.855300e-04 -4.687500e-01 -4.654753e-01
3.860300e-04 -4.765625e-01 -4.545275e-01
3.865300e-04 -4.804688e-01 -4.406255e-01
3.870300e-04 -4.804688e-01 -4.238579e-01
3.875300e-04 -4.765625e-01 -4.043311e-01
3.880300e-04 -4.687500e-01 -3.821695e-01
3.885300e-04 -4.609375e-01 -3.575139e-01
3.890300e-04 -4.492188e-01 -3.305211e-01
3.895300e-04 -4.335938e-01 -3.013628e-01
3.900300e-04 -4.140625e-01 -2.702245e-01
3.905300e-04 -3.945312e-01 -2.373040e-01
3.910300e-04 -3.710938e-01 -2.028109e-01
3.915300e-04 -3.476562e-01 -1.669644e-01
3.920300e-04 -3.164062e-01 -1.299926e-01
3.925300e-04 -2.890625e-01 -9.213045e-02
3.930300e-04 -2.578125e-01 -5.361882e-02
3.935300e-04 -2.226562e-01 -1.470262e-02
3.940300e-04 -1.875000e-01 2.437067e-02
3.945300e-04 -1.523438e-01 6.335258e-02
3.950300e-04 -1.132812e-01 1.019952e-01
3.955300e-04 -7.421875e-02 1.400528e-01
3.960300e-04 -3.515625e-02 1.772833e-01
3.965300e-04 3.906250e-03 2.134500e-01
3.970300e-04 4.296875e-02 2.483229e-01
3.975300e-04 7.812500e-02 2.816802e-01
3.980300e-04 1.171875e-01 3.133097e-01
3.985300e-04 1.562500e-01 3.430104e-01
3.990300e-04 1.914062e-01 3.705934e-01
3.995300e-04 2.304688e-01 3.958832e-01
4.000300e-04 2.617188e-01 4.187190e-01
4.005300e-04 2.968750e-01 4.389556e-01
4.010300e-04 3.281250e-01 4.564643e-01
4.015300e-04 3.554688e-01 4.711337e-01
4.020300e-04 3.828125e-01 4.828706e-01
4.025300e-04 4.062500e-01 4.916004e-01
4.030300e-04 4.257812e-01 4.972674e-01
4.035300e-04 4.453125e-01 4.998358e-01
4.040300e-04 4.609375e-01 4.992890e-01
4.045300e-04 4.765625e-01 4.956307e-01
4.050300e-04 4.882812e-01 4.888841e-01
4.055300e-04 4.921875e-01 4.790920e-01
4.060300e-04 4.960938e-01 4.663168e-01
4.065300e-04 4.960938e-01 4.506397e-01
4.070300e-04 4.960938e-01 4.321604e-01
4.075300e-04 4.921875e-01 4.109964e-01
4.080300e-04 4.843750e-01 3.872823e-01
4.085300e-04 4.726562e-01 3.611689e-01
4.090300e-04 4.609375e-01 3.328223e-01
4.095300e-04 4.414062e-01 3.024227e-01
4.100300e-04 4.218750e-01 2.701635e-01
4.105300e-04 4.023438e-01 2.362499e-01
4.110300e-04 3.750000e-01 2.008974e-01
4.115300e-04 3.476562e-01 1.643309e-01
4.120300e-04 3.203125e-01 1.267829e-01
4.125300e-04 2.890625e-01 8.849231e-02
4.130300e-04 2.539062e-01 4.970254e-02
4.135300e-04 2.187500e-01 1.066028e-02
4.140300e-04 1.835938e-01 -2.838618e-02
4.145300e-04 1.484375e-01 -6.718852e-02
4.150300e-04 1.093750e-01 -1.055000e-01
4.155300e-04 7.031250e-02 -1.430770e-01
4.160300e-04 3.125000e-02 -1.796804e-01
4.165300e-04 -7.812500e-03 -2.150777e-01
4.170300e-04 -4.687500e-02 -2.490435e-01
4.175300e-04 -8.593750e-02 -2.813621e-01
4.180300e-04 -1.210938e-01 -3.118277e-01
4.185300e-04 -1.601562e-01 -3.402467e-01
4.190300e-04 -1.953125e-01 -3.664383e-01
4.195300e-04 -2.304688e-01 -3.902360e-01
4.200300e-04 -2.656250e-01 -4.114884e-01
4.205300e-04 -2.968750e-01 -4.300605e-01
4.210300e-04 -3.242188e-01 -4.458340e-01
4.215300e-04 -3.515625e-01 -4.587087e-01
4.220300e-04 -3.789062e-01 -4.686026e-01
4.225300e-04 -3.984375e-01 -4.754530e-01
4.230300e-04 -4.218750e-01 -4.792161e-01
4.235300e-04 -4.375000e-01 -4.798682e-01
4.240300e-04 -4.531250e-01 -4.774049e-01
4.245300e-04 -4.648438e-01 -4.718421e-01
4.250300e-04 -4.726562e-01 -4.632150e-01
4.255300e-04 -4.765625e-01 -4.515786e-01
4.260300e-04 -4.804688e-01 -4.370068e-01
4.265300e-04 -4.804688e-01 -4.195923e-01
4.270300e-04 -4.765625e-01 -3.994459e-01
4.275300e-04 -4.687500e-01 -3.766956e-01
4.280300e-04 -4.570312e-01 -3.514862e-01
4.285300e-04 -4.453125e-01 -3.239779e-01
4.290300e-04 -4.296875e-01 -2.943458e-01
4.295300e-04 -4.101562e-01 -2.627782e-01
4.300300e-04 -3.906250e-01 -2.294758e-01
4.305300e-04 -3.671875e-01 -1.946506e-01
4.310300e-04 -3.398438e-01 -1.585239e-01
4.315300e-04 -3.125000e-01 -1.213255e-01
4.320300e-04 -2.812500e-01 -8.329193e-02
4.325300e-04 -2.500000e-01 -4.466509e-02
4.330300e-04 -2.148438e-01 -5.690609e-03
4.335300e-04 -1.796875e-01 3.338365e-02
4.340300e-04 -1.445312e-01 7.230921e-02
4.345300e-04 -1.054688e-01 1.108385e-01
4.350300e-04 -6.640625e-02 1.487266e-01
4.355300e-04 -2.734375e-02 1.857324e-01
4.360300e-04 1.171875e-02 2.216206e-01
4.365300e-04 5.078125e-02 2.561631e-01
4.370300e-04 8.984375e-02 2.891402e-01
4.375300e-04 1.289062e-01 3.203420e-01
4.380300e-04 1.640625e-01 3.495703e-01
4.385300e-04 2.031250e-01 3.766391e-01
4.390300e-04 2.382812e-01 4.013763e-01
4.395300e-04 2.695312e-01 4.236246e-01
4.400300e-04 3.007812e-01 4.432425e-01
4.405300e-04 3.320312e-01 4.601052e-01
4.410300e-04 3.632812e-01 4.741056e-01
4.415300e-04 3.867188e-01 4.851544e-01
4.420300e-04 4.101562e-01 4.931816e-01
4.425300e-04 4.335938e-01 4.981361e-01
4.430300e-04 4.492188e-01 4.999863e-01
4.435300e-04 4.648438e-01 4.987205e-01
4.440300e-04 4.804688e-01 4.943467e-01
4.445300e-04 4.882812e-01 4.868927e-01
4.450300e-04 4.960938e-01 4.764060e-01
4.455300e-04 4.960938e-01 4.629532e-01
4.460300e-04 4.960938e-01 4.466200e-01
4.465300e-04 4.960938e-01 4.275100e-01
4.470300e-04 4.921875e-01 4.057450e-01
4.475300e-04 4.804688e-01 3.814633e-01
4.480300e-04 4.687500e-01 3.548193e-01
4.485300e-04 4.570312e-01 3.259824e-01
4.490300e-04 4.375000e-01 2.951361e-01
4.495300e-04 4.179688e-01 2.624765e-01
4.500300e-04 3.945312e-01 2.282112e-01
4.505300e-04 3.710938e-01 1.925583e-01
4.510300e-04 3.437500e-01 1.557445e-01
4.515300e-04 3.125000e-01 1.180037e-01
4.520300e-04 2.812500e-01 7.957619e-02
4.525300e-04 2.460938e-01 4.070617e-02
4.530300e-04 2.109375e-01 1.640878e-03
4.535300e-04 1.757812e-01 -3.737126e-02
4.540300e-04 1.406250e-01 -7.608214e-02
4.545300e-04 1.015625e-01 -1.142456e-01
4.550300e-04 6.250000e-02 -1.516189e-01
4.555300e-04 2.343750e-02 -1.879644e-01
4.560300e-04 -1.562500e-02 -2.230510e-01
4.565300e-04 -5.468750e-02 -2.566555e-01
4.570300e-04 -9.375000e-02 -2.885643e-01
4.575300e-04 -1.328125e-01 -3.185744e-01
4.580300e-04 -1.679688e-01 -3.464949e-01
4.585300e-04 -2.031250e-01 -3.721483e-01
4.590300e-04 -2.382812e-01 -3.953715e-01
4.595300e-04 -2.695312e-01 -4.160168e-01
4.600300e-04 -3.007812e-01 -4.339529e-01
4.605300e-04 -3.320312e-01 -4.490656e-01
4.610300e-04 -3.593750e-01 -4.612591e-01
4.615300e-04 -3.828125e-01 -4.704555e-01
4.620300e-04 -4.062500e-01 -4.765966e-01
4.625300e-04 -4.257812e-01 -4.796432e-01
4.630300e-04 -4.414062e-01 -4.795760e-01
4.635300e-04 -4.570312e-01 -4.763954e-01
4.640300e-04 -4.648438e-01 -4.701215e-01
4.645300e-04 -4.726562e-01 -4.607944e-01
4.650300e-04 -4.804688e-01 -4.484734e-01
4.655300e-04 -4.804688e-01 -4.332367e-01
4.660300e-04 -4.804688e-01 -4.151812e-01
4.665300e-04 -4.726562e-01 -3.944219e-01
4.670300e-04 -4.648438e-01 -3.710907e-01
4.675300e-04 -4.570312e-01 -3.453360e-01
4.680300e-04 -4.414062e-01 -3.173216e-01
4.685300e-04 -4.257812e-01 -2.872256e-01
4.690300e-04 -4.062500e-01 -2.552394e-01
4.695300e-04 -3.867188e-01 -2.215665e-01
4.700300e-04 -3.593750e-01 -1.864209e-01
4.705300e-04 -3.320312e-01 -1.500263e-01
4.710300e-04 -3.046875e-01 -1.126139e-01
4.715300e-04 -2.734375e-01 -7.442181e-02
4.720300e-04 -2.421875e-01 -3.569283e-02
4.725300e-04 -2.070312e-01 3.326722e-03
4.730300e-04 -1.718750e-01 4.238871e-02
4.735300e-04 -1.328125e-01 8.124473e-02
4.740300e-04 -9.765625e-02 1.196477e-01
4.745300e-04 -5.859375e-02 1.573533e-01
4.750300e-04 -1.953125e-02 1.941219e-01
4.755300e-04 1.953125e-02 2.297196e-01
4.760300e-04 5.859375e-02 2.639200e-01
4.765300e-04 9.765625e-02 2.965056e-01
4.770300e-04 1.367188e-01 3.272692e-01
4.775300e-04 1.718750e-01 3.560151e-01
4.780300e-04 2.109375e-01 3.825606e-01
4.785300e-04 2.460938e-01 4.067369e-01
4.790300e-04 2.773438e-01 4.283901e-01
4.795300e-04 3.085938e-01 4.473826e-01
4.800300e-04 3.398438e-01 4.635937e-01
4.805300e-04 3.671875e-01 4.769201e-01
4.810300e-04 3.945312e-01 4.872772e-01
4.815300e-04 4.179688e-01 4.945992e-01
4.820300e-04 4.375000e-01 4.988393e-01
4.825300e-04 4.531250e-01 4.999708e-01
4.830300e-04 4.687500e-01 4.979863e-01
4.835300e-04 4.804688e-01 4.928985e-01
4.840300e-04 4.921875e-01 4.847398e-01
4.845300e-04 4.960938e-01 4.735620e-01
4.850300e-04 4.960938e-01 4.594362e-01
4.855300e-04 4.960938e-01 4.424523e-01
4.860300e-04 4.960938e-01 4.227182e-01
4.865300e-04 4.882812e-01 4.003595e-01
4.870300e-04 4.804688e-01 3.755184e-01
4.875300e-04 4.687500e-01 3.483528e-01
4.880300e-04 4.531250e-01 3.190354e-01
4.885300e-04 4.335938e-01 2.877528e-01
4.890300e-04 4.140625e-01 2.547038e-01
4.895300e-04 3.906250e-01 2.200987e-01
4.900300e-04 3.632812e-01 1.841575e-01
4.905300e-04 3.359375e-01 1.471087e-01
4.910300e-04 3.046875e-01 1.091880e-01
4.915300e-04 2.734375e-01 7.063649e-02
4.920300e-04 2.382812e-01 3.169940e-02
4.925300e-04 2.031250e-01 -7.375691e-03
4.930300e-04 1.679688e-01 -4.634028e-02
4.935300e-04 1.289062e-01 -8.494658e-02
4.940300e-04 9.375000e-02 -1.229491e-01
4.945300e-04 5.468750e-02 -1.601061e-01
4.950300e-04 1.562500e-02 -1.961813e-01
4.955300e-04 -2.343750e-02 -2.309454e-01
4.960300e-04 -6.250000e-02 -2.641772e-01
4.965300e-04 -1.015625e-01 -2.956654e-01
4.970300e-04 -1.406250e-01 -3.252097e-01
4.975300e-04 -1.757812e-01 -3.526223e-01
4.980300e-04 -2.109375e-01 -3.777288e-01
4.985300e-04 -2.460938e-01 -4.003697e-01
4.990300e-04 -2.773438e-01 -4.204008e-01
4.995300e-04 -3.085938e-01 -4.376948e-01
5.000300e-04 -3.398438e-01 -4.521418e-01
5.005300e-04 -3.632812e-01 -4.636498e-01
5.010300e-04 -3.867188e-01 -4.721456e-01
5.015300e-04 -4.101562e-01 -4.775754e-01
5.020300e-04 -4.296875e-01 -4.799044e-01
5.025300e-04 -4.453125e-01 -4.791179e-01
5.030300e-04 -4.570312e-01 -4.752210e-01
5.035300e-04 -4.687500e-01 -4.682383e-01
5.040300e-04 -4.765625e-01 -4.582143e-01
5.045300e-04 -4.804688e-01 -4.452127e-01
5.050300e-04 -4.804688e-01 -4.293163e-01
5.055300e-04 -4.765625e-01 -4.106261e-01
5.060300e-04 -4.726562e-01 -3.892609e-01
5.065300e-04 -4.648438e-01 -3.653567e-01
5.070300e-04 -4.531250e-01 -3.390655e-01
5.075300e-04 -4.375000e-01 -3.105544e-01
5.080300e-04 -4.218750e-01 -2.800047e-01
5.085300e-04 -4.023438e-01 -2.476108e-01
5.090300e-04 -3.789062e-01 -2.135787e-01
5.095300e-04 -3.554688e-01 -1.781247e-01
5.100300e-04 -3.281250e-01 -1.414744e-01
5.105300e-04 -2.968750e-01 -1.038608e-01
5.110300e-04 -2.656250e-01 -6.552308e-02
5.115300e-04 -2.343750e-01 -2.670509e-02
5.120300e-04 -1.992188e-01 1.234631e-02
5.125300e-04 -1.640625e-01 5.138280e-02
5.130300e-04 -1.250000e-01 9.015612e-02
5.135300e-04 -8.593750e-02 1.284197e-01
5.140300e-04 -5.078125e-02 1.659302e-01
5.145300e-04 -1.171875e-02 2.024491e-01
5.150300e-04 2.734375e-02 2.377441e-01
5.155300e-04 6.640625e-02 2.715908e-01
5.160300e-04 1.054688e-01 3.037739e-01
5.165300e-04 1.445312e-01 3.340888e-01
5.170300e-04 1.835938e-01 3.623427e-01
5.175300e-04 2.187500e-01 3.883559e-01
5.180300e-04 2.539062e-01 4.119630e-01
5.185300e-04 2.851562e-01 4.330138e-01
5.190300e-04 3.164062e-01 4.513746e-01
5.195300e-04 3.476562e-01 4.669284e-01

