3.030015e-06 1.562500e-02 2.277441e-01
3.530015e-06 5.468750e-02 2.615908e-01
4.030015e-06 9.375000e-02 2.937739e-01
4.530015e-06 1.328125e-01 3.240888e-01
5.030015e-06 1.718750e-01 3.523427e-01
5.530015e-06 2.070312e-01 3.783559e-01
6.030015e-06 2.421875e-01 4.019630e-01
6.530015e-06 2.734375e-01 4.230138e-01
7.030015e-06 3.046875e-01 4.413746e-01
7.530015e-06 3.359375e-01 4.569284e-01
8.030015e-06 3.632812e-01 4.695765e-01
8.530015e-06 3.867188e-01 4.792383e-01
9.030015e-06 4.101562e-01 4.858525e-01
9.530015e-06 4.296875e-01 4.893769e-01
1.003002e-05 4.453125e-01 4.897892e-01
1.053002e-05 4.609375e-01 4.870868e-01
1.103002e-05 4.726562e-01 4.812867e-01
1.153002e-05 4.804688e-01 4.724259e-01
1.203002e-05 4.843750e-01 4.605609e-01
1.253002e-05 4.882812e-01 4.457669e-01
1.303002e-05 4.882812e-01 4.281381e-01
1.353002e-05 4.843750e-01 4.077866e-01
1.403002e-05 4.765625e-01 3.848418e-01
1.453002e-05 4.648438e-01 3.594497e-01
1.503002e-05 4.531250e-01 3.317716e-01
1.553002e-05 4.375000e-01 3.019837e-01
1.603002e-05 4.179688e-01 2.702754e-01
1.653002e-05 3.945312e-01 2.368483e-01
1.703002e-05 3.710938e-01 2.019150e-01
1.753002e-05 3.437500e-01 1.656976e-01
1.803002e-05 3.164062e-01 1.284264e-01
1.853002e-05 2.851562e-01 9.033859e-02
1.903002e-05 2.539062e-01 5.167624e-02
1.953002e-05 2.187500e-01 1.268527e-02
2.003002e-05 1.835938e-01 -2.638637e-02
2.053002e-05 1.484375e-01 -6.529021e-02
2.103002e-05 1.093750e-01 -1.037789e-01
2.153002e-05 7.031250e-02 -1.416075e-01
2.203002e-05 3.125000e-02 -1.785356e-01
2.253002e-05 -7.812500e-03 -2.143284e-01
2.303002e-05 -4.687500e-02 -2.487581e-01
2.353002e-05 -8.593750e-02 -2.816059e-01
2.403002e-05 -1.210938e-01 -3.126629e-01
2.453002e-05 -1.601562e-01 -3.417315e-01
2.503002e-05 -1.953125e-01 -3.686269e-01
2.553002e-05 -2.304688e-01 -3.931780e-01
2.603002e-05 -2.656250e-01 -4.152288e-01
2.653002e-05 -2.968750e-01 -4.346389e-01
2.703002e-05 -3.281250e-01 -4.512851e-01
2.753002e-05 -3.554688e-01 -4.650613e-01
2.803002e-05 -3.828125e-01 -4.758800e-01
2.853002e-05 -4.062500e-01 -4.836724e-01
2.903002e-05 -4.257812e-01 -4.883889e-01
2.953002e-05 -4.453125e-01 -4.899996e-01
3.003002e-05 -4.609375e-01 -4.884941e-01
3.053002e-05 -4.726562e-01 -4.838821e-01
3.103002e-05 -4.804688e-01 -4.761930e-01
3.153002e-05 -4.882812e-01 -4.654755e-01
3.203002e-05 -4.921875e-01 -4.517979e-01
3.253002e-05 -4.921875e-01 -4.352471e-01
3.303002e-05 -4.882812e-01 -4.159284e-01
3.353002e-05 -4.843750e-01 -3.939647e-01
3.403002e-05 -4.726562e-01 -3.694955e-01
3.453002e-05 -4.609375e-01 -3.426766e-01
3.503002e-05 -4.453125e-01 -3.136785e-01
3.553002e-05 -4.296875e-01 -2.826856e-01
3.603002e-05 -4.101562e-01 -2.498950e-01
3.653002e-05 -3.867188e-01 -2.155151e-01
3.703002e-05 -3.593750e-01 -1.797648e-01
3.753002e-05 -3.320312e-01 -1.428712e-01
3.803002e-05 -3.007812e-01 -1.050691e-01
3.853002e-05 -2.695312e-01 -6.659876e-02
3.903002e-05 -2.382812e-01 -2.770492e-02
3.953002e-05 -2.031250e-01 1.136511e-02
4.003002e-05 -1.640625e-01 5.036286e-02
4.053002e-05 -1.289062e-01 8.904034e-02
4.103002e-05 -8.984375e-02 1.271516e-01
4.153002e-05 -5.078125e-02 1.644542e-01
4.203002e-05 -1.171875e-02 2.007110e-01
4.253002e-05 2.734375e-02 2.356914e-01
4.303002e-05 6.640625e-02 2.691729e-01
4.353002e-05 1.054688e-01 3.009427e-01
4.403002e-05 1.406250e-01 3.307986e-01
4.453002e-05 1.796875e-01 3.585509e-01
4.503002e-05 2.148438e-01 3.840230e-01
4.553002e-05 2.500000e-01 4.070529e-01
4.603002e-05 2.812500e-01 4.274942e-01
4.653002e-05 3.125000e-01 4.452169e-01
4.703002e-05 3.398438e-01 4.601083e-01
4.753002e-05 3.671875e-01 4.720737e-01
4.803002e-05 3.906250e-01 4.810370e-01
4.853002e-05 4.140625e-01 4.869412e-01
4.903002e-05 4.335938e-01 4.897487e-01
4.953002e-05 4.492188e-01 4.894417e-01
5.003002e-05 4.648438e-01 4.860222e-01
5.053002e-05 4.726562e-01 4.795118e-01
5.103002e-05 4.804688e-01 4.699521e-01
5.153002e-05 4.882812e-01 4.574037e-01
5.203002e-05 4.882812e-01 4.419465e-01
5.253002e-05 4.882812e-01 4.236788e-01
5.303002e-05 4.804688e-01 4.027167e-01
5.353002e-05 4.726562e-01 3.791937e-01
5.403002e-05 4.609375e-01 3.532591e-01
5.453002e-05 4.492188e-01 3.250781e-01
5.503002e-05 4.335938e-01 2.948297e-01
5.553002e-05 4.140625e-01 2.627064e-01
5.603002e-05 3.906250e-01 2.289125e-01
5.653002e-05 3.671875e-01 1.936628e-01
5.703002e-05 3.398438e-01 1.571815e-01
5.753002e-05 3.085938e-01 1.197007e-01
5.803002e-05 2.773438e-01 8.145859e-02
5.853002e-05 2.460938e-01 4.269849e-02
5.903002e-05 2.109375e-01 3.666848e-03
5.953002e-05 1.757812e-01 -3.538811e-02
6.003002e-05 1.406250e-01 -7.421803e-02
6.053002e-05 1.015625e-01 -1.125760e-01
6.103002e-05 6.250000e-02 -1.502180e-01
6.153002e-05 2.343750e-02 -1.869047e-01
6.203002e-05 -1.562500e-02 -2.224028e-01
6.253002e-05 -5.468750e-02 -2.564866e-01
6.303002e-05 -9.375000e-02 -2.889392e-01
6.353002e-05 -1.328125e-01 -3.195544e-01
6.403002e-05 -1.679688e-01 -3.481374e-01
6.453002e-05 -2.031250e-01 -3.745065e-01
6.503002e-05 -2.382812e-01 -3.984939e-01
6.553002e-05 -2.734375e-01 -4.199472e-01
6.603002e-05 -3.046875e-01 -4.387298e-01
6.653002e-05 -3.359375e-01 -4.547224e-01
6.703002e-05 -3.632812e-01 -4.678232e-01
6.753002e-05 -3.867188e-01 -4.779489e-01
6.803002e-05 -4.101562e-01 -4.850352e-01
6.853002e-05 -4.296875e-01 -4.890369e-01
6.903002e-05 -4.492188e-01 -4.899287e-01
6.953002e-05 -4.609375e-01 -4.877048e-01
7.003002e-05 -4.726562e-01 -4.823794e-01
7.053002e-05 -4.843750e-01 -4.739863e-01
7.103002e-05 -4.882812e-01 -4.625790e-01
7.153002e-05 -4.921875e-01 -4.482299e-01
7.203002e-05 -4.921875e-01 -4.310304e-01
7.253002e-05 -4.882812e-01 -4.110898e-01
7.303002e-05 -4.804688e-01 -3.885349e-01
7.353002e-05 -4.726562e-01 -3.635091e-01
7.403002e-05 -4.570312e-01 -3.361717e-01
7.453002e-05 -4.414062e-01 -3.066964e-01
7.503002e-05 -4.257812e-01 -2.752707e-01
7.553002e-05 -4.023438e-01 -2.420944e-01
7.603002e-05 -3.789062e-01 -2.073786e-01
7.653002e-05 -3.554688e-01 -1.713439e-01
7.703002e-05 -3.242188e-01 -1.342196e-01
7.753002e-05 -2.968750e-01 -9.624176e-02
7.803002e-05 -2.617188e-01 -5.765187e-02
7.853002e-05 -2.304688e-01 -1.869535e-02
7.903002e-05 -1.953125e-01 2.038006e-02
7.953002e-05 -1.562500e-01 5.932586e-02
8.003002e-05 -1.210938e-01 9.789439e-02
8.053002e-05 -8.203125e-02 1.358404e-01
8.103002e-05 -4.296875e-02 1.729225e-01
8.153002e-05 -3.906250e-03 2.089049e-01
8.203002e-05 3.515625e-02 2.435588e-01
8.253002e-05 7.421875e-02 2.766639e-01
8.303002e-05 1.132812e-01 3.080095e-01
8.353002e-05 1.484375e-01 3.373964e-01
8.403002e-05 1.875000e-01 3.646376e-01
8.453002e-05 2.226562e-01 3.895599e-01
8.503002e-05 2.578125e-01 4.120049e-01
8.553002e-05 2.890625e-01 4.318298e-01
8.603002e-05 3.203125e-01 4.489085e-01
8.653002e-05 3.476562e-01 4.631324e-01
8.703002e-05 3.750000e-01 4.744110e-01
8.753002e-05 3.984375e-01 4.826727e-01
8.803002e-05 4.179688e-01 4.878649e-01
8.853002e-05 4.375000e-01 4.899546e-01
8.903002e-05 4.531250e-01 4.889284e-01
8.953002e-05 4.648438e-01 4.847929e-01
9.003002e-05 4.765625e-01 4.775745e-01
9.053002e-05 4.843750e-01 4.673189e-01
9.103002e-05 4.882812e-01 4.540915e-01
9.153002e-05 4.882812e-01 4.379764e-01
9.203002e-05 4.843750e-01 4.190760e-01
9.253002e-05 4.804688e-01 3.975105e-01
9.303002e-05 4.726562e-01 3.734170e-01
9.353002e-05 4.609375e-01 3.469489e-01
9.403002e-05 4.453125e-01 3.182744e-01
9.453002e-05 4.296875e-01 2.875758e-01
9.503002e-05 4.062500e-01 2.550485e-01
9.553002e-05 3.867188e-01 2.208991e-01
9.603002e-05 3.593750e-01 1.853450e-01
9.653002e-05 3.320312e-01 1.486122e-01
9.703002e-05 3.046875e-01 1.109344e-01
9.753002e-05 2.734375e-01 7.255100e-02
9.803002e-05 2.382812e-01 3.370627e-02
9.853002e-05 2.031250e-01 -5.352818e-03
9.903002e-05 1.679688e-01 -4.437786e-02
9.953002e-05 1.289062e-01 -8.312069e-02
1.000300e-04 9.375000e-02 -1.213349e-01
1.005300e-04 5.468750e-02 -1.587775e-01
1.010300e-04 1.562500e-02 -1.952104e-01
1.015300e-04 -2.343750e-02 -2.304019e-01
1.020300e-04 -6.250000e-02 -2.641281e-01
1.025300e-04 -1.015625e-01 -2.961747e-01
1.030300e-04 -1.406250e-01 -3.263377e-01
1.035300e-04 -1.757812e-01 -3.544255e-01
1.040300e-04 -2.109375e-01 -3.802593e-01
1.045300e-04 -2.460938e-01 -4.036749e-01
1.050300e-04 -2.812500e-01 -4.245233e-01
1.055300e-04 -3.125000e-01 -4.426720e-01
1.060300e-04 -3.398438e-01 -4.580057e-01
1.065300e-04 -3.671875e-01 -4.704266e-01
1.070300e-04 -3.945312e-01 -4.798560e-01
1.075300e-04 -4.140625e-01 -4.862337e-01
1.080300e-04 -4.335938e-01 -4.895193e-01
1.085300e-04 -4.531250e-01 -4.896918e-01
1.090300e-04 -4.648438e-01 -4.867502e-01
1.095300e-04 -4.765625e-01 -4.807132e-01
1.100300e-04 -4.843750e-01 -4.716191e-01
1.105300e-04 -4.882812e-01 -4.595258e-01
1.110300e-04 -4.921875e-01 -4.445101e-01
1.115300e-04 -4.921875e-01 -4.266677e-01
1.120300e-04 -4.882812e-01 -4.061119e-01
1.125300e-04 -4.804688e-01 -3.829735e-01
1.130300e-04 -4.687500e-01 -3.573996e-01
1.135300e-04 -4.570312e-01 -3.295528e-01
1.140300e-04 -4.375000e-01 -2.996103e-01
1.145300e-04 -4.179688e-01 -2.677625e-01
1.150300e-04 -3.984375e-01 -2.342118e-01
1.155300e-04 -3.750000e-01 -1.991717e-01
1.160300e-04 -3.476562e-01 -1.628650e-01
1.165300e-04 -3.203125e-01 -1.255225e-01
1.170300e-04 -2.890625e-01 -8.738184e-02
1.175300e-04 -2.539062e-01 -4.868546e-02
1.180300e-04 -2.226562e-01 -9.679457e-03
1.185300e-04 -1.835938e-01 2.938810e-02
1.190300e-04 -1.484375e-01 6.826876e-02
1.195300e-04 -1.093750e-01 1.067153e-01
1.200300e-04 -7.421875e-02 1.444831e-01
1.205300e-04 -3.515625e-02 1.813322e-01
1.210300e-04 3.906250e-03 2.170281e-01
1.215300e-04 4.296875e-02 2.513438e-01
1.220300e-04 8.203125e-02 2.840611e-01
1.225300e-04 1.210938e-01 3.149719e-01
1.230300e-04 1.601562e-01 3.438798e-01
1.235300e-04 1.953125e-01 3.706007e-01
1.240300e-04 2.304688e-01 3.949649e-01
1.245300e-04 2.656250e-01 4.168173e-01
1.250300e-04 2.968750e-01 4.360190e-01
1.255300e-04 3.242188e-01 4.524479e-01
1.260300e-04 3.554688e-01 4.659995e-01
1.265300e-04 3.789062e-01 4.765876e-01
1.270300e-04 4.023438e-01 4.841449e-01
1.275300e-04 4.218750e-01 4.886233e-01
1.280300e-04 4.414062e-01 4.899944e-01
1.285300e-04 4.570312e-01 4.882494e-01
1.290300e-04 4.687500e-01 4.833994e-01
1.295300e-04 4.765625e-01 4.754753e-01
1.300300e-04 4.843750e-01 4.645275e-01
1.305300e-04 4.882812e-01 4.506255e-01
1.310300e-04 4.882812e-01 4.338579e-01
1.315300e-04 4.843750e-01 4.143311e-01
1.320300e-04 4.765625e-01 3.921695e-01
1.325300e-04 4.687500e-01 3.675139e-01
1.330300e-04 4.570312e-01 3.405211e-01
1.335300e-04 4.414062e-01 3.113628e-01
1.340300e-04 4.218750e-01 2.802245e-01
1.345300e-04 4.023438e-01 2.473040e-01
1.350300e-04 3.789062e-01 2.128109e-01
1.355300e-04 3.554688e-01 1.769644e-01
1.360300e-04 3.242188e-01 1.399926e-01
1.365300e-04 2.968750e-01 1.021304e-01
1.370300e-04 2.656250e-01 6.361882e-02
1.375300e-04 2.304688e-01 2.470262e-02
1.380300e-04 1.953125e-01 -1.437067e-02
1.385300e-04 1.601562e-01 -5.335258e-02
1.390300e-04 1.210938e-01 -9.199519e-02
1.395300e-04 8.203125e-02 -1.300528e-01
1.400300e-04 4.296875e-02 -1.672833e-01
1.405300e-04 3.906250e-03 -2.034500e-01
1.410300e-04 -3.515625e-02 -2.383229e-01
1.415300e-04 -7.421875e-02 -2.716802e-01
1.420300e-04 -1.093750e-01 -3.033097e-01
1.425300e-04 -1.484375e-01 -3.330104e-01
1.430300e-04 -1.835938e-01 -3.605934e-01
1.435300e-04 -2.226562e-01 -3.858832e-01
1.440300e-04 -2.539062e-01 -4.087190e-01
1.445300e-04 -2.890625e-01 -4.289556e-01
1.450300e-04 -3.203125e-01 -4.464643e-01
1.455300e-04 -3.476562e-01 -4.611337e-01
1.460300e-04 -3.750000e-01 -4.728706e-01
1.465300e-04 -3.984375e-01 -4.816004e-01
1.470300e-04 -4.179688e-01 -4.872674e-01
1.475300e-04 -4.375000e-01 -4.898358e-01
1.480300e-04 -4.570312e-01 -4.892890e-01
1.485300e-04 -4.687500e-01 -4.856307e-01
1.490300e-04 -4.804688e-01 -4.788841e-01
1.495300e-04 -4.882812e-01 -4.690920e-01
1.500300e-04 -4.921875e-01 -4.563168e-01
1.505300e-04 -4.921875e-01 -4.406397e-01
1.510300e-04 -4.882812e-01 -4.221604e-01
1.515300e-04 -4.843750e-01 -4.009964e-01
1.520300e-04 -4.765625e-01 -3.772823e-01
1.525300e-04 -4.648438e-01 -3.511689e-01
1.530300e-04 -4.531250e-01 -3.228223e-01
1.535300e-04 -4.335938e-01 -2.924227e-01
1.540300e-04 -4.140625e-01 -2.601635e-01
1.545300e-04 -3.945312e-01 -2.262499e-01
1.550300e-04 -3.671875e-01 -1.908974e-01
1.555300e-04 -3.398438e-01 -1.543309e-01
1.560300e-04 -3.125000e-01 -1.167829e-01
1.565300e-04 -2.812500e-01 -7.849231e-02
1.570300e-04 -2.460938e-01 -3.970254e-02
1.575300e-04 -2.109375e-01 -6.602795e-04
1.580300e-04 -1.757812e-01 3.838618e-02
1.585300e-04 -1.406250e-01 7.718852e-02
1.590300e-04 -1.015625e-01 1.155000e-01
1.595300e-04 -6.250000e-02 1.530770e-01
1.600300e-04 -2.343750e-02 1.896804e-01
1.605300e-04 1.562500e-02 2.250777e-01
1.610300e-04 5.468750e-02 2.590435e-01
1.615300e-04 9.375000e-02 2.913621e-01
1.620300e-04 1.289062e-01 3.218277e-01
1.625300e-04 1.679688e-01 3.502467e-01
1.630300e-04 2.031250e-01 3.764383e-01
1.635300e-04 2.382812e-01 4.002360e-01
1.640300e-04 2.734375e-01 4.214884e-01
1.645300e-04 3.046875e-01 4.400605e-01
1.650300e-04 3.320312e-01 4.558340e-01
1.655300e-04 3.593750e-01 4.687087e-01
1.660300e-04 3.867188e-01 4.786026e-01
1.665300e-04 4.062500e-01 4.854530e-01
1.670300e-04 4.296875e-01 4.892161e-01
1.675300e-04 4.453125e-01 4.898682e-01
1.680300e-04 4.609375e-01 4.874049e-01
1.685300e-04 4.726562e-01 4.818421e-01
1.690300e-04 4.804688e-01 4.732150e-01
1.695300e-04 4.843750e-01 4.615786e-01
1.700300e-04 4.882812e-01 4.470068e-01
1.705300e-04 4.882812e-01 4.295923e-01
1.710300e-04 4.843750e-01 4.094459e-01
1.715300e-04 4.765625e-01 3.866956e-01
1.720300e-04 4.648438e-01 3.614862e-01
1.725300e-04 4.531250e-01 3.339779e-01
1.730300e-04 4.375000e-01 3.043458e-01
1.735300e-04 4.179688e-01 2.727782e-01
1.740300e-04 3.984375e-01 2.394758e-01
1.745300e-04 3.750000e-01 2.046506e-01
1.750300e-04 3.476562e-01 1.685239e-01
1.755300e-04 3.203125e-01 1.313255e-01
1.760300e-04 2.890625e-01 9.329193e-02
1.765300e-04 2.578125e-01 5.466509e-02
1.770300e-04 2.226562e-01 1.569061e-02
1.775300e-04 1.875000e-01 -2.338365e-02
1.780300e-04 1.484375e-01 -6.230921e-02
1.785300e-04 1.132812e-01 -1.008385e-01
1.790300e-04 7.421875e-02 -1.387266e-01
1.795300e-04 3.515625e-02 -1.757324e-01
1.800300e-04 -3.906250e-03 -2.116206e-01
1.805300e-04 -4.296875e-02 -2.461631e-01
1.810300e-04 -8.203125e-02 -2.791402e-01
1.815300e-04 -1.210938e-01 -3.103420e-01
1.820300e-04 -1.562500e-01 -3.395703e-01
1.825300e-04 -1.953125e-01 -3.666391e-01
1.830300e-04 -2.304688e-01 -3.913763e-01
1.835300e-04 -2.617188e-01 -4.136246e-01
1.840300e-04 -2.968750e-01 -4.332425e-01
1.845300e-04 -3.242188e-01 -4.501052e-01
1.850300e-04 -3.554688e-01 -4.641056e-01
1.855300e-04 -3.789062e-01 -4.751544e-01
1.860300e-04 -4.023438e-01 -4.831816e-01
1.865300e-04 -4.257812e-01 -4.881361e-01
1.870300e-04 -4.414062e-01 -4.899863e-01
1.875300e-04 -4.570312e-01 -4.887205e-01
1.880300e-04 -4.726562e-01 -4.843467e-01
1.885300e-04 -4.804688e-01 -4.768927e-01
1.890300e-04 -4.882812e-01 -4.664060e-01
1.895300e-04 -4.921875e-01 -4.529532e-01
1.900300e-04 -4.921875e-01 -4.366200e-01
1.905300e-04 -4.882812e-01 -4.175100e-01
1.910300e-04 -4.843750e-01 -3.957450e-01
1.915300e-04 -4.726562e-01 -3.714633e-01
1.920300e-04 -4.609375e-01 -3.448193e-01
1.925300e-04 -4.492188e-01 -3.159824e-01
1.930300e-04 -4.296875e-01 -2.851361e-01
1.935300e-04 -4.101562e-01 -2.524765e-01
1.940300e-04 -3.867188e-01 -2.182112e-01
1.945300e-04 -3.632812e-01 -1.825583e-01
1.950300e-04 -3.359375e-01 -1.457445e-01
1.955300e-04 -3.046875e-01 -1.080037e-01
1.960300e-04 -2.734375e-01 -6.957619e-02
1.965300e-04 -2.382812e-01 -3.070617e-02
1.970300e-04 -2.031250e-01 8.359122e-03
1.975300e-04 -1.679688e-01 4.737126e-02
1.980300e-04 -1.328125e-01 8.608214e-02
1.985300e-04 -9.375000e-02 1.242456e-01
1.990300e-04 -5.468750e-02 1.616189e-01
1.995300e-04 -1.562500e-02 1.979644e-01
2.000300e-04 2.343750e-02 2.330510e-01
2.005300e-04 6.250000e-02 2.666555e-01
2.010300e-04 1.015625e-01 2.985643e-01
2.015300e-04 1.406250e-01 3.285744e-01
2.020300e-04 1.757812e-01 3.564949e-01
2.025300e-04 2.109375e-01 3.821483e-01
2.030300e-04 2.460938e-01 4.053715e-01
2.035300e-04 2.773438e-01 4.260168e-01
2.040300e-04 3.085938e-01 4.439529e-01
2.045300e-04 3.398438e-01 4.590656e-01
2.050300e-04 3.671875e-01 4.712591e-01
2.055300e-04 3.906250e-01 4.804555e-01
2.060300e-04 4.140625e-01 4.865966e-01
2.065300e-04 4.335938e-01 4.896432e-01
2.070300e-04 4.492188e-01 4.895760e-01
2.075300e-04 4.609375e-01 4.863954e-01
2.080300e-04 4.726562e-01 4.801215e-01
2.085300e-04 4.804688e-01 4.707944e-01
2.090300e-04 4.882812e-01 4.584734e-01
2.095300e-04 4.882812e-01 4.432367e-01
2.100300e-04 4.882812e-01 4.251812e-01
2.105300e-04 4.804688e-01 4.044219e-01
2.110300e-04 4.726562e-01 3.810907e-01
2.115300e-04 4.648438e-01 3.553360e-01
2.120300e-04 4.492188e-01 3.273216e-01
2.125300e-04 4.335938e-01 2.972256e-01
2.130300e-04 4.140625e-01 2.652394e-01
2.135300e-04 3.906250e-01 2.315665e-01
2.140300e-04 3.671875e-01 1.964209e-01
2.145300e-04 3.398438e-01 1.600263e-01
2.150300e-04 3.125000e-01 1.226139e-01
2.155300e-04 2.812500e-01 8.442181e-02
2.160300e-04 2.500000e-01 4.569283e-02
2.165300e-04 2.148438e-01 6.673278e-03
2.170300e-04 1.796875e-01 -3.238871e-02
2.175300e-04 1.406250e-01 -7.124473e-02
2.180300e-04 1.054688e-01 -1.096477e-01
2.185300e-04 6.640625e-02 -1.473533e-01
2.190300e-04 2.734375e-02 -1.841219e-01
2.195300e-04 -1.171875e-02 -2.197196e-01
2.200300e-04 -5.078125e-02 -2.539200e-01
2.205300e-04 -8.984375e-02 -2.865056e-01
2.210300e-04 -1.289062e-01 -3.172692e-01
2.215300e-04 -1.640625e-01 -3.460151e-01
2.220300e-04 -2.031250e-01 -3.725606e-01
2.225300e-04 -2.382812e-01 -3.967369e-01
2.230300e-04 -2.695312e-01 -4.183901e-01
2.235300e-04 -3.007812e-01 -4.373826e-01
2.240300e-04 -3.320312e-01 -4.535937e-01
2.245300e-04 -3.593750e-01 -4.669201e-01
2.250300e-04 -3.867188e-01 -4.772772e-01
2.255300e-04 -4.101562e-01 -4.845992e-01
2.260300e-04 -4.296875e-01 -4.888393e-01
2.265300e-04 -4.453125e-01 -4.899708e-01
2.270300e-04 -4.609375e-01 -4.879863e-01
2.275300e-04 -4.726562e-01 -4.828985e-01
2.280300e-04 -4.843750e-01 -4.747398e-01
2.285300e-04 -4.882812e-01 -4.635620e-01
2.290300e-04 -4.921875e-01 -4.494362e-01
2.295300e-04 -4.921875e-01 -4.324523e-01
2.300300e-04 -4.882812e-01 -4.127182e-01
2.305300e-04 -4.804688e-01 -3.903595e-01
2.310300e-04 -4.726562e-01 -3.655184e-01
2.315300e-04 -4.609375e-01 -3.383528e-01
2.320300e-04 -4.453125e-01 -3.090354e-01
2.325300e-04 -4.257812e-01 -2.777528e-01
2.330300e-04 -4.062500e-01 -2.447038e-01
2.335300e-04 -3.828125e-01 -2.100987e-01
2.340300e-04 -3.554688e-01 -1.741575e-01
2.345300e-04 -3.281250e-01 -1.371087e-01
2.350300e-04 -2.968750e-01 -9.918797e-02
2.355300e-04 -2.656250e-01 -6.063649e-02
2.360300e-04 -2.304688e-01 -2.169940e-02
2.365300e-04 -1.953125e-01 1.737569e-02
2.370300e-04 -1.601562e-01 5.634028e-02
2.375300e-04 -1.210938e-01 9.494658e-02
2.380300e-04 -8.593750e-02 1.329491e-01
2.385300e-04 -4.687500e-02 1.701061e-01
2.390300e-04 -7.812500e-03 2.061813e-01
2.395300e-04 3.125000e-02 2.409454e-01
2.400300e-04 7.031250e-02 2.741772e-01
2.405300e-04 1.093750e-01 3.056654e-01
2.410300e-04 1.484375e-01 3.352097e-01
2.415300e-04 1.835938e-01 3.626223e-01
2.420300e-04 2.187500e-01 3.877288e-01
2.425300e-04 2.539062e-01 4.103697e-01
2.430300e-04 2.851562e-01 4.304008e-01
2.435300e-04 3.164062e-01 4.476948e-01
2.440300e-04 3.437500e-01 4.621418e-01
2.445300e-04 3.710938e-01 4.736498e-01
2.450300e-04 3.945312e-01 4.821456e-01
2.455300e-04 4.179688e-01 4.875754e-01
2.460300e-04 4.375000e-01 4.899044e-01
2.465300e-04 4.531250e-01 4.891179e-01
2.470300e-04 4.648438e-01 4.852210e-01
2.475300e-04 4.765625e-01 4.782383e-01
2.480300e-04 4.843750e-01 4.682143e-01
2.485300e-04 4.882812e-01 4.552127e-01
2.490300e-04 4.882812e-01 4.393163e-01
2.495300e-04 4.843750e-01 4.206261e-01
2.500300e-04 4.804688e-01 3.992609e-01
2.505300e-04 4.726562e-01 3.753567e-01
2.510300e-04 4.609375e-01 3.490655e-01
2.515300e-04 4.453125e-01 3.205544e-01
2.520300e-04 4.296875e-01 2.900047e-01
2.525300e-04 4.101562e-01 2.576108e-01
2.530300e-04 3.867188e-01 2.235787e-01
2.535300e-04 3.632812e-01 1.881247e-01
2.540300e-04 3.359375e-01 1.514744e-01
2.545300e-04 3.046875e-01 1.138608e-01
2.550300e-04 2.734375e-01 7.552308e-02
2.555300e-04 2.421875e-01 3.670509e-02
2.560300e-04 2.070312e-01 -2.346314e-03
2.565300e-04 1.718750e-01 -4.138280e-02
2.570300e-04 1.328125e-01 -8.015612e-02
2.575300e-04 9.375000e-02 -1.184197e-01
2.580300e-04 5.468750e-02 -1.559302e-01
2.585300e-04 1.953125e-02 -1.924491e-01
2.590300e-04 -2.343750e-02 -2.277441e-01
2.595300e-04 -5.859375e-02 -2.615908e-01
2.600300e-04 -9.765625e-02 -2.937739e-01
2.605300e-04 -1.367188e-01 -3.240888e-01
2.610300e-04 -1.757812e-01 -3.523427e-01
2.615300e-04 -2.109375e-01 -3.783559e-01
2.620300e-04 -2.460938e-01 -4.019630e-01
2.625300e-04 -2.773438e-01 -4.230138e-01
2.630300e-04 -3.085938e-01 -4.413746e-01
2.635300e-04 -3.398438e-01 -4.569284e-01
2.640300e-04 -3.671875e-01 -4.695765e-01
2.645300e-04 -3.906250e-01 -4.792383e-01
2.650300e-04 -4.140625e-01 -4.858525e-01
2.655300e-04 -4.335938e-01 -4.893769e-01
2.660300e-04 -4.492188e-01 -4.897892e-01
2.665300e-04 -4.648438e-01 -4.870868e-01
2.670300e-04 -4.765625e-01 -4.812867e-01
2.675300e-04 -4.843750e-01 -4.724259e-01
2.680300e-04 -4.882812e-01 -4.605609e-01
2.685300e-04 -4.921875e-01 -4.457669e-01
2.690300e-04 -4.921875e-01 -4.281381e-01
2.695300e-04 -4.882812e-01 -4.077866e-01
2.700300e-04 -4.804688e-01 -3.848418e-01
2.705300e-04 -4.687500e-01 -3.594497e-01
2.710300e-04 -4.570312e-01 -3.317716e-01
2.715300e-04 -4.414062e-01 -3.019837e-01
2.720300e-04 -4.218750e-01 -2.702754e-01
2.725300e-04 -3.984375e-01 -2.368483e-01
2.730300e-04 -3.750000e-01 -2.019150e-01
2.735300e-04 -3.476562e-01 -1.656976e-01
2.740300e-04 -3.203125e-01 -1.284264e-01
2.745300e-04 -2.890625e-01 -9.033859e-02
2.750300e-04 -2.578125e-01 -5.167624e-02
2.755300e-04 -2.226562e-01 -1.268527e-02
2.760300e-04 -1.875000e-01 2.638637e-02
2.765300e-04 -1.523438e-01 6.529021e-02
2.770300e-04 -1.132812e-01 1.037789e-01
2.775300e-04 -7.421875e-02 1.416075e-01
2.780300e-04 -3.515625e-02 1.785356e-01
2.785300e-04 3.906250e-03 2.143284e-01
2.790300e-04 4.296875e-02 2.487581e-01
2.795300e-04 8.203125e-02 2.816059e-01
2.800300e-04 1.171875e-01 3.126629e-01
2.805300e-04 1.562500e-01 3.417315e-01
2.810300e-04 1.914062e-01 3.686269e-01
2.815300e-04 2.265625e-01 3.931780e-01
2.820300e-04 2.617188e-01 4.152288e-01
2.825300e-04 2.929688e-01 4.346389e-01
2.830300e-04 3.242188e-01 4.512851e-01
2.835300e-04 3.515625e-01 4.650613e-01
2.840300e-04 3.789062e-01 4.758800e-01
2.845300e-04 4.023438e-01 4.836724e-01
2.850300e-04 4.218750e-01 4.883889e-01
2.855300e-04 4.414062e-01 4.899996e-01
2.860300e-04 4.570312e-01 4.884941e-01
2.865300e-04 4.687500e-01 4.838821e-01
2.870300e-04 4.765625e-01 4.761930e-01
2.875300e-04 4.843750e-01 4.654755e-01
2.880300e-04 4.882812e-01 4.517979e-01
2.885300e-04 4.882812e-01 4.352471e-01
2.890300e-04 4.843750e-01 4.159284e-01
2.895300e-04 4.804688e-01 3.939647e-01
2.900300e-04 4.687500e-01 3.694955e-01
2.905300e-04 4.570312e-01 3.426766e-01
2.910300e-04 4.414062e-01 3.136785e-01
2.915300e-04 4.257812e-01 2.826856e-01
2.920300e-04 4.062500e-01 2.498950e-01
2.925300e-04 3.828125e-01 2.155151e-01
2.930300e-04 3.554688e-01 1.797648e-01
2.935300e-04 3.281250e-01 1.428712e-01
2.940300e-04 2.968750e-01 1.050691e-01
2.945300e-04 2.656250e-01 6.659876e-02
2.950300e-04 2.343750e-01 2.770492e-02
2.955300e-04 1.992188e-01 -1.136511e-02
2.960300e-04 1.601562e-01 -5.036286e-02
2.965300e-04 1.250000e-01 -8.904034e-02
2.970300e-04 8.593750e-02 -1.271516e-01
2.975300e-04 4.687500e-02 -1.644542e-01
2.980300e-04 7.812500e-03 -2.007110e-01
2.985300e-04 -3.125000e-02 -2.356914e-01
2.990300e-04 -7.031250e-02 -2.691729e-01
2.995300e-04 -1.093750e-01 -3.009427e-01
3.000300e-04 -1.445312e-01 -3.307986e-01
3.005300e-04 -1.835938e-01 -3.585509e-01
3.010300e-04 -2.187500e-01 -3.840230e-01
3.015300e-04 -2.539062e-01 -4.070529e-01
3.020300e-04 -2.851562e-01 -4.274942e-01
3.025300e-04 -3.164062e-01 -4.452169e-01
3.030300e-04 -3.437500e-01 -4.601083e-01
3.035300e-04 -3.710938e-01 -4.720737e-01
3.040300e-04 -3.945312e-01 -4.810370e-01
3.045300e-04 -4.179688e-01 -4.869412e-01
3.050300e-04 -4.375000e-01 -4.897487e-01
3.055300e-04 -4.531250e-01 -4.894417e-01
3.060300e-04 -4.687500e-01 -4.860222e-01
3.065300e-04 -4.765625e-01 -4.795118e-01
3.070300e-04 -4.843750e-01 -4.699521e-01
3.075300e-04 -4.921875e-01 -4.574037e-01
3.080300e-04 -4.921875e-01 -4.419465e-01
3.085300e-04 -4.921875e-01 -4.236788e-01
3.090300e-04 -4.843750e-01 -4.027167e-01
3.095300e-04 -4.765625e-01 -3.791937e-01
3.100300e-04 -4.648438e-01 -3.532591e-01
3.105300e-04 -4.531250e-01 -3.250781e-01
3.110300e-04 -4.375000e-01 -2.948297e-01
3.115300e-04 -4.179688e-01 -2.627064e-01
3.120300e-04 -3.945312e-01 -2.289125e-01
3.125300e-04 -3.710938e-01 -1.936628e-01
3.130300e-04 -3.437500e-01 -1.571815e-01
3.135300e-04 -3.125000e-01 -1.197007e-01
3.140300e-04 -2.812500e-01 -8.145859e-02
3.145300e-04 -2.500000e-01 -4.269849e-02
3.150300e-04 -2.148438e-01 -3.666848e-03
3.155300e-04 -1.796875e-01 3.538811e-02
3.160300e-04 -1.445312e-01 7.421803e-02
3.165300e-04 -1.054688e-01 1.125760e-01
3.170300e-04 -6.640625e-02 1.502180e-01
3.175300e-04 -2.734375e-02 1.869047e-01
3.180300e-04 1.171875e-02 2.224028e-01
3.185300e-04 5.078125e-02 2.564866e-01
3.190300e-04 8.984375e-02 2.889392e-01
3.195300e-04 1.289062e-01 3.195544e-01
3.200300e-04 1.640625e-01 3.481374e-01
3.205300e-04 1.992188e-01 3.745065e-01
3.210300e-04 2.343750e-01 3.984939e-01
3.215300e-04 2.695312e-01 4.199472e-01
3.220300e-04 3.007812e-01 4.387298e-01
3.225300e-04 3.320312e-01 4.547224e-01
3.230300e-04 3.593750e-01 4.678232e-01
3.235300e-04 3.828125e-01 4.779489e-01
3.240300e-04 4.062500e-01 4.850352e-01
3.245300e-04 4.257812e-01 4.890369e-01
3.250300e-04 4.453125e-01 4.899287e-01
3.255300e-04 4.570312e-01 4.877048e-01
3.260300e-04 4.687500e-01 4.823794e-01
3.265300e-04 4.804688e-01 4.739863e-01
3.270300e-04 4.843750e-01 4.625790e-01
3.275300e-04 4.882812e-01 4.482299e-01
3.280300e-04 4.882812e-01 4.310304e-01
3.285300e-04 4.843750e-01 4.110898e-01
3.290300e-04 4.765625e-01 3.885349e-01
3.295300e-04 4.687500e-01 3.635091e-01
3.300300e-04 4.531250e-01 3.361717e-01
3.305300e-04 4.375000e-01 3.066964e-01
3.310300e-04 4.218750e-01 2.752707e-01
3.315300e-04 3.984375e-01 2.420944e-01
3.320300e-04 3.750000e-01 2.073786e-01
3.325300e-04 3.515625e-01 1.713439e-01
3.330300e-04 3.203125e-01 1.342196e-01
3.335300e-04 2.929688e-01 9.624176e-02
3.340300e-04 2.578125e-01 5.765187e-02
3.345300e-04 2.265625e-01 1.869535e-02
3.350300e-04 1.914062e-01 -2.038006e-02
3.355300e-04 1.523438e-01 -5.932586e-02
3.360300e-04 1.171875e-01 -9.789439e-02
3.365300e-04 7.812500e-02 -1.358404e-01
3.370300e-04 3.906250e-02 -1.729225e-01
3.375300e-04 0.000000e+00 -2.089049e-01
3.380300e-04 -3.906250e-02 -2.435588e-01
3.385300e-04 -7.812500e-02 -2.766639e-01
3.390300e-04 -1.171875e-01 -3.080095e-01
3.395300e-04 -1.523438e-01 -3.373964e-01
3.400300e-04 -1.914062e-01 -3.646376e-01
3.405300e-04 -2.265625e-01 -3.895599e-01
3.410300e-04 -2.617188e-01 -4.120049e-01
3.415300e-04 -2.929688e-01 -4.318298e-01
3.420300e-04 -3.242188e-01 -4.489085e-01
3.425300e-04 -3.515625e-01 -4.631324e-01
3.430300e-04 -3.789062e-01 -4.744110e-01
3.435300e-04 -4.023438e-01 -4.826727e-01
3.440300e-04 -4.218750e-01 -4.878649e-01
3.445300e-04 -4.414062e-01 -4.899546e-01
3.450300e-04 -4.570312e-01 -4.889284e-01
3.455300e-04 -4.687500e-01 -4.847929e-01
3.460300e-04 -4.804688e-01 -4.775745e-01
3.465300e-04 -4.882812e-01 -4.673189e-01
3.470300e-04 -4.921875e-01 -4.540915e-01
3.475300e-04 -4.921875e-01 -4.379764e-01
3.480300e-04 -4.882812e-01 -4.190760e-01
3.485300e-04 -4.843750e-01 -3.975105e-01
3.490300e-04 -4.765625e-01 -3.734170e-01
3.495300e-04 -4.648438e-01 -3.469489e-01
3.500300e-04 -4.492188e-01 -3.182744e-01
3.505300e-04 -4.335938e-01 -2.875758e-01
3.510300e-04 -4.101562e-01 -2.550485e-01
3.515300e-04 -3.906250e-01 -2.208991e-01
3.520300e-04 -3.632812e-01 -1.853450e-01
3.525300e-04 -3.359375e-01 -1.486122e-01
3.530300e-04 -3.085938e-01 -1.109344e-01
3.535300e-04 -2.773438e-01 -7.255100e-02
3.540300e-04 -2.421875e-01 -3.370627e-02
3.545300e-04 -2.070312e-01 5.352818e-03
3.550300e-04 -1.718750e-01 4.437786e-02
3.555300e-04 -1.328125e-01 8.312069e-02
3.560300e-04 -9.765625e-02 1.213349e-01
3.565300e-04 -5.859375e-02 1.587775e-01
3.570300e-04 -1.953125e-02 1.952104e-01
3.575300e-04 1.953125e-02 2.304019e-01
3.580300e-04 5.859375e-02 2.641281e-01
3.585300e-04 9.765625e-02 2.961747e-01
3.590300e-04 1.367188e-01 3.263377e-01
3.595300e-04 1.718750e-01 3.544255e-01
3.600300e-04 2.070312e-01 3.802593e-01
3.605300e-04 2.421875e-01 4.036749e-01
3.610300e-04 2.773438e-01 4.245233e-01
3.615300e-04 3.085938e-01 4.426720e-01
3.620300e-04 3.359375e-01 4.580057e-01
3.625300e-04 3.632812e-01 4.704266e-01
3.630300e-04 3.906250e-01 4.798560e-01
3.635300e-04 4.101562e-01 4.862337e-01
3.640300e-04 4.296875e-01 4.895193e-01
3.645300e-04 4.492188e-01 4.896918e-01
3.650300e-04 4.609375e-01 4.867502e-01
3.655300e-04 4.726562e-01 4.807132e-01
3.660300e-04 4.804688e-01 4.716191e-01
3.665300e-04 4.843750e-01 4.595258e-01
3.670300e-04 4.882812e-01 4.445101e-01
3.675300e-04 4.882812e-01 4.266677e-01
3.680300e-04 4.843750e-01 4.061119e-01
3.685300e-04 4.765625e-01 3.829735e-01
3.690300e-04 4.648438e-01 3.573996e-01
3.695300e-04 4.531250e-01 3.295528e-01
3.700300e-04 4.335938e-01 2.996103e-01
3.705300e-04 4.140625e-01 2.677625e-01
3.710300e-04 3.945312e-01 2.342118e-01
3.715300e-04 3.710938e-01 1.991717e-01
3.720300e-04 3.437500e-01 1.628650e-01
3.725300e-04 3.164062e-01 1.255225e-01
3.730300e-04 2.851562e-01 8.738184e-02
3.735300e-04 2.500000e-01 4.868546e-02
3.740300e-04 2.187500e-01 9.679457e-03
3.745300e-04 1.796875e-01 -2.938810e-02
3.750300e-04 1.445312e-01 -6.826876e-02
3.755300e-04 1.054688e-01 -1.067153e-01
3.760300e-04 7.031250e-02 -1.444831e-01
3.765300e-04 3.125000e-02 -1.813322e-01
3.770300e-04 -7.812500e-03 -2.170281e-01
3.775300e-04 -4.687500e-02 -2.513438e-01
3.780300e-04 -8.593750e-02 -2.840611e-01
3.785300e-04 -1.250000e-01 -3.149719e-01
3.790300e-04 -1.640625e-01 -3.438798e-01
3.795300e-04 -1.992188e-01 -3.706007e-01
3.800300e-04 -2.343750e-01 -3.949649e-01
3.805300e-04 -2.695312e-01 -4.168173e-01
3.810300e-04 -3.007812e-01 -4.360190e-01
3.815300e-04 -3.281250e-01 -4.524479e-01
3.820300e-04 -3.593750e-01 -4.659995e-01
3.825300e-04 -3.828125e-01 -4.765876e-01
3.830300e-04 -4.062500e-01 -4.841449e-01
3.835300e-04 -4.257812e-01 -4.886233e-01
3.840300e-04 -4.453125e-01 -4.899944e-01
3.845300e-04 -4.609375e-01 -4.882494e-01
3.850300e-04 -4.726562e-01 -4.833994e-01
3.855300e-04 -4.804688e-01 -4.754753e-01
3.860300e-04 -4.882812e-01 -4.645275e-01
3.865300e-04 -4.921875e-01 -4.506255e-01
3.870300e-04 -4.921875e-01 -4.338579e-01
3.875300e-04 -4.882812e-01 -4.143311e-01
3.880300e-04 -4.804688e-01 -3.921695e-01
3.885300e-04 -4.726562e-01 -3.675139e-01
3.890300e-04 -4.609375e-01 -3.405211e-01
3.895300e-04 -4.453125e-01 -3.113628e-01
3.900300e-04 -4.257812e-01 -2.802245e-01
3.905300e-04 -4.062500e-01 -2.473040e-01
3.910300e-04 -3.828125e-01 -2.128109e-01
3.915300e-04 -3.593750e-01 -1.769644e-01
3.920300e-04 -3.281250e-01 -1.399926e-01
3.925300e-04 -3.007812e-01 -1.021304e-01
3.930300e-04 -2.695312e-01 -6.361882e-02
3.935300e-04 -2.343750e-01 -2.470262e-02
3.940300e-04 -1.992188e-01 1.437067e-02
3.945300e-04 -1.640625e-01 5.335258e-02
3.950300e-04 -1.250000e-01 9.199519e-02
3.955300e-04 -8.593750e-02 1.300528e-01
3.960300e-04 -4.687500e-02 1.672833e-01
3.965300e-04 -7.812500e-03 2.034500e-01
3.970300e-04 3.125000e-02 2.383229e-01
3.975300e-04 7.031250e-02 2.716802e-01
3.980300e-04 1.054688e-01 3.033097e-01
3.985300e-04 1.445312e-01 3.330104e-01
3.990300e-04 1.796875e-01 3.605934e-01
3.995300e-04 2.187500e-01 3.858832e-01
4.000300e-04 2.500000e-01 4.087190e-01
4.005300e-04 2.851562e-01 4.289556e-01
4.010300e-04 3.164062e-01 4.464643e-01
4.015300e-04 3.437500e-01 4.611337e-01
4.020300e-04 3.710938e-01 4.728706e-01
4.025300e-04 3.945312e-01 4.816004e-01
4.030300e-04 4.140625e-01 4.872674e-01
4.035300e-04 4.335938e-01 4.898358e-01
4.040300e-04 4.531250e-01 4.892890e-01
4.045300e-04 4.648438e-01 4.856307e-01
4.050300e-04 4.765625e-01 4.788841e-01
4.055300e-04 4.843750e-01 4.690920e-01
4.060300e-04 4.882812e-01 4.563168e-01
4.065300e-04 4.882812e-01 4.406397e-01
4.070300e-04 4.843750e-01 4.221604e-01
4.075300e-04 4.804688e-01 4.009964e-01
4.080300e-04 4.726562e-01 3.772823e-01
4.085300e-04 4.609375e-01 3.511689e-01
4.090300e-04 4.492188e-01 3.228223e-01
4.095300e-04 4.296875e-01 2.924227e-01
4.100300e-04 4.101562e-01 2.601635e-01
4.105300e-04 3.906250e-01 2.262499e-01
4.110300e-04 3.632812e-01 1.908974e-01
4.115300e-04 3.359375e-01 1.543309e-01
4.120300e-04 3.085938e-01 1.167829e-01
4.125300e-04 2.773438e-01 7.849231e-02
4.130300e-04 2.421875e-01 3.970254e-02
4.135300e-04 2.070312e-01 6.602795e-04
4.140300e-04 1.718750e-01 -3.838618e-02
4.145300e-04 1.367188e-01 -7.718852e-02
4.150300e-04 9.765625e-02 -1.155000e-01
4.155300e-04 5.859375e-02 -1.530770e-01
4.160300e-04 1.953125e-02 -1.896804e-01
4.165300e-04 -1.953125e-02 -2.250777e-01
4.170300e-04 -5.859375e-02 -2.590435e-01
4.175300e-04 -9.765625e-02 -2.913621e-01
4.180300e-04 -1.328125e-01 -3.218277e-01
4.185300e-04 -1.718750e-01 -3.502467e-01
4.190300e-04 -2.070312e-01 -3.764383e-01
4.195300e-04 -2.421875e-01 -4.002360e-01
4.200300e-04 -2.773438e-01 -4.214884e-01
4.205300e-04 -3.085938e-01 -4.400605e-01
4.210300e-04 -3.359375e-01 -4.558340e-01
4.215300e-04 -3.632812e-01 -4.687087e-01
4.220300e-04 -3.906250e-01 -4.786026e-01
4.225300e-04 -4.101562e-01 -4.854530e-01
4.230300e-04 -4.335938e-01 -4.892161e-01
4.235300e-04 -4.492188e-01 -4.898682e-01
4.240300e-04 -4.648438e-01 -4.874049e-01
4.245300e-04 -4.765625e-01 -4.818421e-01
4.250300e-04 -4.843750e-01 -4.732150e-01
4.255300e-04 -4.882812e-01 -4.615786e-01
4.260300e-04 -4.921875e-01 -4.470068e-01
4.265300e-04 -4.921875e-01 -4.295923e-01
4.270300e-04 -4.882812e-01 -4.094459e-01
4.275300e-04 -4.804688e-01 -3.866956e-01
4.280300e-04 -4.687500e-01 -3.614862e-01
4.285300e-04 -4.570312e-01 -3.339779e-01
4.290300e-04 -4.414062e-01 -3.043458e-01
4.295300e-04 -4.218750e-01 -2.727782e-01
4.300300e-04 -4.023438e-01 -2.394758e-01
4.305300e-04 -3.789062e-01 -2.046506e-01
4.310300e-04 -3.515625e-01 -1.685239e-01
4.315300e-04 -3.242188e-01 -1.313255e-01
4.320300e-04 -2.929688e-01 -9.329193e-02
4.325300e-04 -2.617188e-01 -5.466509e-02
4.330300e-04 -2.265625e-01 -1.569061e-02
4.335300e-04 -1.914062e-01 2.338365e-02
4.340300e-04 -1.523438e-01 6.230921e-02
4.345300e-04 -1.171875e-01 1.008385e-01
4.350300e-04 -7.812500e-02 1.387266e-01
4.355300e-04 -3.906250e-02 1.757324e-01
4.360300e-04 0.000000e+00 2.116206e-01
4.365300e-04 3.906250e-02 2.461631e-01
4.370300e-04 7.812500e-02 2.791402e-01
4.375300e-04 1.171875e-01 3.103420e-01
4.380300e-04 1.523438e-01 3.395703e-01
4.385300e-04 1.914062e-01 3.666391e-01
4.390300e-04 2.265625e-01 3.913763e-01
4.395300e-04 2.578125e-01 4.136246e-01
4.400300e-04 2.929688e-01 4.332425e-01
4.405300e-04 3.203125e-01 4.501052e-01
4.410300e-04 3.515625e-01 4.641056e-01
4.415300e-04 3.750000e-01 4.751544e-01
4.420300e-04 3.984375e-01 4.831816e-01
4.425300e-04 4.218750e-01 4.881361e-01
4.430300e-04 4.375000e-01 4.899863e-01
4.435300e-04 4.531250e-01 4.887205e-01
4.440300e-04 4.687500e-01 4.843467e-01
4.445300e-04 4.765625e-01 4.768927e-01
4.450300e-04 4.843750e-01 4.664060e-01
4.455300e-04 4.882812e-01 4.529532e-01
4.460300e-04 4.882812e-01 4.366200e-01
4.465300e-04 4.843750e-01 4.175100e-01
4.470300e-04 4.804688e-01 3.957450e-01
4.475300e-04 4.687500e-01 3.714633e-01
4.480300e-04 4.570312e-01 3.448193e-01
4.485300e-04 4.453125e-01 3.159824e-01
4.490300e-04 4.257812e-01 2.851361e-01
4.495300e-04 4.062500e-01 2.524765e-01
4.500300e-04 3.828125e-01 2.182112e-01
4.505300e-04 3.593750e-01 1.825583e-01
4.510300e-04 3.320312e-01 1.457445e-01
4.515300e-04 3.007812e-01 1.080037e-01
4.520300e-04 2.695312e-01 6.957619e-02
4.525300e-04 2.343750e-01 3.070617e-02
4.530300e-04 1.992188e-01 -8.359122e-03
4.535300e-04 1.640625e-01 -4.737126e-02
4.540300e-04 1.289062e-01 -8.608214e-02
4.545300e-04 8.984375e-02 -1.242456e-01
4.550300e-04 5.078125e-02 -1.616189e-01
4.555300e-04 1.171875e-02 -1.979644e-01
4.560300e-04 -2.734375e-02 -2.330510e-01
4.565300e-04 -6.640625e-02 -2.666555e-01
4.570300e-04 -1.054688e-01 -2.985643e-01
4.575300e-04 -1.445312e-01 -3.285744e-01
4.580300e-04 -1.796875e-01 -3.564949e-01
4.585300e-04 -2.148438e-01 -3.821483e-01
4.590300e-04 -2.500000e-01 -4.053715e-01
4.595300e-04 -2.812500e-01 -4.260168e-01
4.600300e-04 -3.125000e-01 -4.439529e-01
4.605300e-04 -3.437500e-01 -4.590656e-01
4.610300e-04 -3.710938e-01 -4.712591e-01
4.615300e-04 -3.945312e-01 -4.804555e-01
4.620300e-04 -4.179688e-01 -4.865966e-01
4.625300e-04 -4.375000e-01 -4.896432e-01
4.630300e-04 -4.531250e-01 -4.895760e-01
4.635300e-04 -4.648438e-01 -4.863954e-01
4.640300e-04 -4.765625e-01 -4.801215e-01
4.645300e-04 -4.843750e-01 -4.707944e-01
4.650300e-04 -4.921875e-01 -4.584734e-01
4.655300e-04 -4.921875e-01 -4.432367e-01
4.660300e-04 -4.921875e-01 -4.251812e-01
4.665300e-04 -4.843750e-01 -4.044219e-01
4.670300e-04 -4.765625e-01 -3.810907e-01
4.675300e-04 -4.687500e-01 -3.553360e-01
4.680300e-04 -4.531250e-01 -3.273216e-01
4.685300e-04 -4.375000e-01 -2.972256e-01
4.690300e-04 -4.179688e-01 -2.652394e-01
4.695300e-04 -3.945312e-01 -2.315665e-01
4.700300e-04 -3.710938e-01 -1.964209e-01
4.705300e-04 -3.437500e-01 -1.600263e-01
4.710300e-04 -3.164062e-01 -1.226139e-01
4.715300e-04 -2.851562e-01 -8.442181e-02
4.720300e-04 -2.539062e-01 -4.569283e-02
4.725300e-04 -2.187500e-01 -6.673278e-03
4.730300e-04 -1.835938e-01 3.238871e-02
4.735300e-04 -1.445312e-01 7.124473e-02
4.740300e-04 -1.093750e-01 1.096477e-01
4.745300e-04 -7.031250e-02 1.473533e-01
4.750300e-04 -3.125000e-02 1.841219e-01
4.755300e-04 7.812500e-03 2.197196e-01
4.760300e-04 4.687500e-02 2.539200e-01
4.765300e-04 8.593750e-02 2.865056e-01
4.770300e-04 1.250000e-01 3.172692e-01
4.775300e-04 1.601562e-01 3.460151e-01
4.780300e-04 1.992188e-01 3.725606e-01
4.785300e-04 2.343750e-01 3.967369e-01
4.790300e-04 2.656250e-01 4.183901e-01
4.795300e-04 2.968750e-01 4.373826e-01
4.800300e-04 3.281250e-01 4.535937e-01
4.805300e-04 3.554688e-01 4.669201e-01
4.810300e-04 3.828125e-01 4.772772e-01
4.815300e-04 4.062500e-01 4.845992e-01
4.820300e-04 4.257812e-01 4.888393e-01
4.825300e-04 4.414062e-01 4.899708e-01
4.830300e-04 4.570312e-01 4.879863e-01
4.835300e-04 4.687500e-01 4.828985e-01
4.840300e-04 4.804688e-01 4.747398e-01
4.845300e-04 4.843750e-01 4.635620e-01
4.850300e-04 4.882812e-01 4.494362e-01
4.855300e-04 4.882812e-01 4.324523e-01
4.860300e-04 4.843750e-01 4.127182e-01
4.865300e-04 4.765625e-01 3.903595e-01
4.870300e-04 4.687500e-01 3.655184e-01
4.875300e-04 4.570312e-01 3.383528e-01
4.880300e-04 4.414062e-01 3.090354e-01
4.885300e-04 4.218750e-01 2.777528e-01
4.890300e-04 4.023438e-01 2.447038e-01
4.895300e-04 3.789062e-01 2.100987e-01
4.900300e-04 3.515625e-01 1.741575e-01
4.905300e-04 3.242188e-01 1.371087e-01
4.910300e-04 2.929688e-01 9.918797e-02
4.915300e-04 2.617188e-01 6.063649e-02
4.920300e-04 2.265625e-01 2.169940e-02
4.925300e-04 1.914062e-01 -1.737569e-02
4.930300e-04 1.562500e-01 -5.634028e-02
4.935300e-04 1.171875e-01 -9.494658e-02
4.940300e-04 8.203125e-02 -1.329491e-01
4.945300e-04 4.296875e-02 -1.701061e-01
4.950300e-04 3.906250e-03 -2.061813e-01
4.955300e-04 -3.515625e-02 -2.409454e-01
4.960300e-04 -7.421875e-02 -2.741772e-01
4.965300e-04 -1.132812e-01 -3.056654e-01
4.970300e-04 -1.523438e-01 -3.352097e-01
4.975300e-04 -1.875000e-01 -3.626223e-01
4.980300e-04 -2.226562e-01 -3.877288e-01
4.985300e-04 -2.578125e-01 -4.103697e-01
4.990300e-04 -2.890625e-01 -4.304008e-01
4.995300e-04 -3.203125e-01 -4.476948e-01
5.000300e-04 -3.476562e-01 -4.621418e-01
5.005300e-04 -3.750000e-01 -4.736498e-01
5.010300e-04 -3.984375e-01 -4.821456e-01
5.015300e-04 -4.218750e-01 -4.875754e-01
5.020300e-04 -4.414062e-01 -4.899044e-01
5.025300e-04 -4.570312e-01 -4.891179e-01
5.030300e-04 -4.687500e-01 -4.852210e-01
5.035300e-04 -4.804688e-01 -4.782383e-01
5.040300e-04 -4.882812e-01 -4.682143e-01
5.045300e-04 -4.921875e-01 -4.552127e-01
5.050300e-04 -4.921875e-01 -4.393163e-01
5.055300e-04 -4.882812e-01 -4.206261e-01
5.060300e-04 -4.843750e-01 -3.992609e-01
5.065300e-04 -4.765625e-01 -3.753567e-01
5.070300e-04 -4.648438e-01 -3.490655e-01
5.075300e-04 -4.492188e-01 -3.205544e-01
5.080300e-04 -4.335938e-01 -2.900047e-01
5.085300e-04 -4.140625e-01 -2.576108e-01
5.090300e-04 -3.906250e-01 -2.235787e-01
5.095300e-04 -3.671875e-01 -1.881247e-01
5.100300e-04 -3.398438e-01 -1.514744e-01
5.105300e-04 -3.085938e-01 -1.138608e-01
5.110300e-04 -2.773438e-01 -7.552308e-02
5.115300e-04 -2.460938e-01 -3.670509e-02
5.120300e-04 -2.109375e-01 2.346314e-03
5.125300e-04 -1.757812e-01 4.138280e-02
5.130300e-04 -1.367188e-01 8.015612e-02
5.135300e-04 -9.765625e-02 1.184197e-01
5.140300e-04 -5.859375e-02 1.559302e-01
5.145300e-04 -2.343750e-02 1.924491e-01